1	2892
1	523	283	236	297	2
2	520	284	413	3	1
3	106	108	161	69	2
4	444	255	88	388	2
5	193	150	327	1	1
6	408	96	423	257	2
7	137	79	358	356	2
8	415	161	493	106	2
9	11	137	549	550	2
10	152	183	211	212	2
11	123	460	204	468	2
12	558	68	505	15	2
13	10	283	151	235	2
14	193	183	151	182	2
15	468	10	75	147	2
16	392	398	7	353	1
17	315	446	1	187	1
18	362	365	141	364	2
19	346	547	415	356	2
20	110	5	9	31	1
21	30	374	567	561	2
22	255	444	445	5	1
23	8	344	430	78	1
24	147	113	1	21	1
25	171	453	454	6	1
26	2	81	180	84	1
27	174	344	78	430	2
28	487	558	125	429	2
29	204	468	459	2	1
30	448	5	255	1	1
31	212	210	29	183	2
32	254	252	253	279	2
33	7	532	8	3	1
34	15	546	279	482	2
35	350	352	250	7	1
36	205	558	41	207	2
37	52	185	169	18	2
38	530	558	505	207	2
39	304	417	51	16	2
40	96	376	412	411	2
41	357	540	7	220	1
42	125	175	558	487	2
43	568	466	505	265	2
44	75	317	318	140	2
45	451	440	176	8	1
46	468	456	457	454	2
47	496	126	4	552	1
48	202	468	244	473	2
49	434	147	104	77	2
50	392	39	7	356	1
51	488	78	346	174	2
52	365	362	267	364	2
53	415	111	514	564	2
54	27	71	115	200	2
55	419	2	245	4	1
56	117	290	6	292	1
57	468	292	457	456	2
58	131	210	73	132	2
59	89	476	279	4	1
60	478	257	409	411	2
61	4	134	3	536	1
62	462	461	474	6	1
63	346	391	330	250	2
64	487	208	125	8	1
65	386	387	7	533	1
66	174	451	452	8	1
67	28	146	1	145	1
68	457	292	117	6	1
69	395	544	398	397	2
70	40	5	31	55	1
71	345	344	343	90	2
72	274	68	6	541	1
73	192	558	125	488	2
74	46	283	241	234	2
75	525	243	123	202	2
76	493	75	415	106	2
77	132	147	183	10	2
78	551	378	567	373	2
79	380	440	365	26	2
80	296	283	196	442	2
81	547	415	414	333	2
82	173	280	15	244	2
83	26	8	366	365	1
84	355	559	424	7	1
85	303	305	302	191	2
86	358	5	79	137	1
87	464	2	465	249	1
88	307	25	444	5	1
89	333	52	186	315	2
90	380	371	362	440	2
91	468	328	329	473	2
92	437	147	71	132	2
93	71	435	436	93	2
94	50	444	5	307	1
95	147	151	18	149	2
96	126	243	268	180	2
97	457	453	171	293	2
98	81	2	180	65	1
99	192	345	346	488	2
100	147	138	18	140	2
101	498	258	409	411	2
102	414	412	285	413	2
103	117	486	6	539	1
104	541	426	6	568	1
105	236	522	32	1	1
106	460	123	244	468	2
107	178	408	376	415	2
108	11	378	547	356	2
109	225	214	224	10	2
110	18	327	332	1	1
111	107	401	383	4	1
112	183	195	151	238	2
113	470	460	123	249	2
114	522	523	196	236	2
115	330	362	363	267	2
116	106	52	306	140	2
117	147	468	180	202	2
118	241	217	234	283	2
119	151	10	235	183	2
120	75	547	106	306	2
121	210	131	29	132	2
122	172	455	101	454	2
123	110	5	341	9	1
124	431	407	564	415	2
125	300	565	198	341	2
126	178	440	380	415	2
127	151	183	238	1	1
128	123	469	470	249	2
129	280	489	112	281	2
130	233	217	536	70	2
131	10	118	217	235	2
132	380	382	385	3	1
133	332	185	1	336	1
134	291	5	321	106	1
135	162	427	492	8	1
136	300	5	190	301	1
137	202	27	23	473	2
138	328	27	116	201	2
139	468	457	292	290	2
140	9	565	55	197	2
141	149	193	327	1	1
142	440	546	482	367	2
143	435	2	71	436	1
144	482	546	269	369	2
145	505	207	264	530	2
146	109	133	35	493	2
147	9	79	197	199	2
148	453	457	454	45	2
149	415	147	10	333	2
150	393	395	392	353	2
151	138	149	18	63	2
152	60	126	121	119	2
153	370	371	282	7	1
154	192	558	493	125	2
155	366	142	441	8	1
156	366	141	440	365	2
157	203	19	473	2	1
158	185	52	332	18	2
159	117	486	539	531	2
160	481	375	285	399	2
161	89	340	287	280	2
162	2	113	177	1	1
163	456	468	262	101	2
164	81	243	180	268	2
165	215	64	119	102	2
166	464	2	6	173	1
167	280	173	15	49	2
168	506	466	426	49	2
169	192	558	174	493	2
170	170	453	6	454	1
171	80	558	505	15	2
172	508	97	8	530	1
173	505	508	264	8	1
174	318	75	140	138	2
175	274	97	272	208	2
176	415	405	407	404	2
177	180	247	202	246	2
178	356	415	346	376	2
179	69	288	61	537	2
180	5	40	31	108	1
181	535	161	306	106	2
182	1	296	3	196	1
183	537	106	261	291	2
184	253	80	251	8	1
185	285	376	485	412	2
186	211	157	62	210	2
187	4	405	404	209	1
188	382	7	379	282	1
189	210	10	132	183	2
190	122	243	527	2	1
191	415	161	346	493	2
192	81	268	121	122	2
193	265	466	68	426	2
194	94	540	384	11	2
195	29	2	1	433	1
196	32	183	238	195	2
197	40	565	560	55	2
198	478	408	409	257	2
199	345	348	347	38	2
200	180	243	122	242	2
201	151	183	1	182	1
202	371	395	223	331	2
203	105	211	152	62	2
204	192	348	167	54	2
205	68	494	493	274	2
206	105	10	152	118	2
207	283	408	96	217	2
208	70	516	114	515	2
209	456	455	171	454	2
210	57	345	488	343	2
211	403	380	324	415	2
212	535	490	51	417	2
213	154	232	74	3	1
214	330	391	400	250	2
215	101	455	456	454	2
216	381	403	107	3	1
217	330	373	395	346	2
218	508	97	264	8	1
219	310	535	47	304	2
220	84	120	81	119	2
221	442	333	298	414	2
222	142	482	369	367	2
223	170	68	510	494	2
224	142	440	482	367	2
225	546	269	89	279	2
226	147	63	149	138	2
227	138	147	75	140	2
228	27	201	473	202	2
229	244	466	15	173	2
230	159	23	1	135	1
231	2	135	1	23	1
232	373	356	395	346	2
233	387	5	50	450	1
234	78	542	8	344	1
235	190	198	356	161	2
236	372	382	7	3	1
237	395	391	330	392	2
238	17	134	536	3	1
239	123	243	557	244	2
240	452	78	451	174	2
241	348	192	346	161	2
242	170	466	467	68	2
243	184	307	308	306	2
244	244	277	465	464	2
245	259	493	109	161	2
246	414	447	480	88	2
247	2	469	244	465	1
248	391	350	250	346	2
249	173	460	464	466	2
250	192	345	167	346	2
251	415	37	280	127	2
252	54	192	161	35	2
253	127	111	513	514	2
254	457	293	171	6	1
255	8	272	125	271	1
256	356	373	376	346	2
257	224	72	10	163	2
258	346	395	392	356	2
259	414	88	480	399	2
260	151	147	183	149	2
261	5	446	1	445	1
262	493	558	68	274	2
263	395	353	7	397	1
264	426	265	568	541	2
265	132	157	73	180	2
266	123	469	557	470	2
267	37	244	10	415	2
268	490	535	106	417	2
269	89	280	279	476	2
270	244	243	526	12	2
271	15	489	49	507	2
272	457	486	531	539	2
273	500	499	96	3	1
274	494	95	274	68	2
275	291	5	106	491	1
276	468	10	244	415	2
277	164	130	163	72	2
278	192	348	54	161	2
279	326	373	511	374	2
280	22	240	8	452	1
281	188	519	520	3	1
282	287	546	415	529	2
283	464	466	468	244	2
284	192	345	488	57	2
285	456	468	101	454	2
286	170	466	68	454	2
287	192	492	167	189	2
288	328	501	100	468	2
289	332	185	18	1	1
290	198	190	300	341	2
291	535	108	417	341	2
292	415	466	493	15	2
293	63	147	76	138	2
294	71	147	23	115	2
295	172	455	474	101	2
296	132	437	247	436	2
297	274	8	273	530	1
298	7	326	511	374	1
299	174	192	346	488	2
300	265	68	541	426	2
301	221	157	222	129	2
302	265	466	505	68	2
303	305	190	303	302	2
304	305	302	191	5	1
305	108	106	417	69	2
306	9	300	341	79	2
307	195	337	194	524	2
308	183	237	235	236	2
309	6	293	531	457	1
310	10	468	180	147	2
311	206	240	239	482	2
312	193	18	333	151	2
313	26	325	521	415	2
314	546	15	279	415	2
315	478	408	415	409	2
316	10	157	72	62	2
317	260	106	493	161	2
318	547	75	415	333	2
319	273	97	530	8	1
320	306	535	106	140	2
321	542	344	360	359	2
322	457	486	539	260	2
323	167	348	38	7	1
324	346	415	178	376	2
325	478	380	415	178	2
326	380	478	415	403	2
327	414	284	413	519	2
328	2	71	201	200	1
329	171	456	457	6	1
330	454	457	171	456	2
331	457	486	260	531	2
332	456	292	457	6	1
333	373	378	374	326	2
334	123	468	204	473	2
335	212	210	183	211	2
336	437	147	202	71	2
337	414	520	188	519	2
338	64	120	60	2	1
339	52	315	308	314	2
340	165	210	62	59	2
341	289	503	6	290	1
342	106	290	291	457	2
343	317	320	56	319	2
344	397	331	7	484	1
345	457	468	493	290	2
346	293	486	6	531	1
347	444	446	447	88	2
348	260	486	293	531	2
349	291	260	457	539	2
350	539	290	457	291	2
351	350	345	250	346	2
352	565	348	54	198	2
353	539	537	261	291	2
354	240	440	452	174	2
355	346	395	330	392	2
356	448	3	7	1	1
357	378	551	414	376	2
358	364	14	365	7	1
359	5	11	13	549	1
360	94	540	386	384	2
361	312	535	311	140	2
362	75	2	1	6	1
363	333	150	334	1	1
364	565	79	9	341	2
365	337	442	298	297	2
366	274	208	272	125	2
367	529	415	287	323	2
368	104	113	1	147	1
369	196	297	523	1	1
370	456	292	6	262	1
371	536	233	17	217	2
372	546	174	15	415	2
373	250	391	400	352	2
374	117	291	539	6	1
375	356	391	350	354	2
376	376	567	414	285	2
377	485	553	376	551	2
378	132	131	2	73	1
379	63	147	148	76	2
380	291	261	539	6	1
381	261	486	6	537	1
382	468	101	459	458	2
383	261	486	537	539	2
384	8	276	49	6	1
385	556	61	6	563	1
386	535	306	309	140	2
387	2	129	222	179	1
388	346	345	250	7	1
389	70	233	232	134	2
390	117	6	531	457	1
391	149	147	181	63	2
392	96	414	376	415	2
393	192	348	346	167	2
394	63	181	149	148	2
395	151	147	18	333	2
396	28	147	21	23	2
397	330	359	346	7	1
398	415	217	10	266	2
399	170	493	494	509	2
400	479	377	3	553	1
401	267	14	365	368	2
402	226	225	130	87	2
403	323	546	263	529	2
404	457	531	117	539	2
405	452	205	174	22	2
406	5	300	199	197	1
407	211	105	1	59	1
408	228	2	87	227	1
409	212	210	211	29	2
410	304	190	305	309	2
411	190	547	11	301	2
412	109	69	259	161	2
413	569	562	6	109	1
414	100	75	289	136	2
415	325	383	324	401	2
416	346	371	373	178	2
417	376	377	411	258	2
418	523	1	522	196	1
419	10	283	235	415	2
420	180	215	222	119	2
421	337	297	524	151	2
422	448	389	7	88	1
423	364	365	141	8	1
424	525	243	248	123	2
425	298	316	570	1	1
426	376	547	373	356	2
427	236	183	151	235	2
428	161	162	109	6	1
429	222	180	84	179	2
430	125	53	271	272	2
431	203	201	438	202	2
432	205	546	15	482	2
433	28	115	33	23	2
434	535	312	311	47	2
435	304	305	191	309	2
436	6	276	49	477	1
437	340	286	4	144	1
438	551	7	373	561	1
439	395	393	326	394	2
440	551	553	3	30	1
441	395	371	330	331	2
442	11	190	301	300	2
443	178	551	376	372	2
444	219	406	564	431	2
445	243	180	246	242	2
446	35	24	124	155	2
447	133	495	6	493	1
448	192	492	35	54	2
449	298	99	570	316	2
450	371	379	382	380	2
451	98	427	7	54	1
452	207	8	97	208	1
453	315	25	1	445	1
454	376	96	478	411	2
455	66	475	405	403	2
456	373	371	223	372	2
457	289	2	136	75	1
458	280	546	287	279	2
459	498	96	499	3	1
460	285	480	481	399	2
461	414	285	481	3	1
462	558	80	205	15	2
463	172	454	467	6	1
464	461	466	172	454	2
465	68	170	510	467	2
466	134	233	3	36	1
467	454	466	172	467	2
468	190	304	535	309	2
469	191	190	304	303	2
470	123	473	204	471	2
471	5	13	302	301	1
472	448	5	7	255	1
473	119	2	215	84	1
474	434	435	433	1	1
475	283	46	235	234	2
476	337	150	334	333	2
477	241	554	217	218	2
478	10	105	227	118	2
479	121	322	20	2	1
480	190	547	356	11	2
481	86	222	129	179	2
482	127	516	515	111	2
483	157	222	179	73	2
484	358	425	7	58	1
485	457	453	293	45	2
486	431	111	518	266	2
487	400	544	7	91	1
488	393	384	39	356	2
489	240	142	482	8	1
490	324	403	402	107	2
491	297	337	524	570	2
492	60	2	121	20	1
493	285	551	485	376	2
494	204	468	2	329	1
495	395	371	373	330	2
496	395	223	7	373	1
497	566	453	6	45	1
498	556	109	6	161	1
499	161	492	54	35	2
500	414	284	519	96	2
501	1	160	139	159	1
502	1	524	523	195	1
503	210	2	158	1	1
504	228	2	230	74	1
505	452	451	176	8	1
506	551	374	373	567	2
507	506	426	568	49	2
508	37	419	281	483	2
509	509	453	170	45	2
510	456	6	458	262	1
511	270	89	269	4	1
512	564	548	342	514	2
513	292	100	290	502	2
514	440	546	26	415	2
515	469	460	249	123	2
516	189	192	8	167	1
517	5	427	6	8	1
518	392	398	391	7	1
519	526	243	244	527	2
520	98	349	54	7	1
521	493	192	125	35	2
522	145	1	28	21	1
523	169	5	1	294	1
524	94	388	389	7	1
525	80	482	15	279	2
526	159	135	1	75	1
527	259	493	569	109	2
528	565	348	161	54	2
529	9	565	31	55	2
530	318	160	56	75	2
531	457	290	117	292	2
532	217	554	3	256	1
533	211	10	152	62	2
534	395	544	397	331	2
535	468	493	454	457	2
536	1	443	298	449	1
537	17	217	3	431	1
538	115	147	23	21	2
539	28	147	76	145	2
540	76	146	1	138	1
541	56	139	160	318	2
542	6	173	461	464	1
543	319	106	313	312	2
544	5	139	317	318	1
545	140	5	312	317	1
546	295	52	311	309	2
547	2	153	227	230	1
548	169	52	140	294	2
549	52	333	186	336	2
550	468	23	75	27	2
551	308	444	306	307	2
552	255	446	448	1	1
553	316	447	187	298	2
554	414	96	412	413	2
555	107	380	381	3	1
556	299	481	3	414	1
557	414	520	3	188	1
558	3	236	235	1	1
559	524	297	570	1	1
560	523	283	297	196	2
561	74	3	1	4	1
562	118	105	229	231	2
563	252	8	253	251	1
564	165	210	59	211	2
565	67	363	362	7	1
566	224	72	163	130	2
567	58	355	424	7	1
568	2	10	215	221	1
569	119	120	81	121	2
570	264	97	530	207	2
571	119	180	84	222	2
572	132	2	543	73	1
573	221	157	10	222	2
574	180	122	81	242	2
575	128	10	72	163	2
576	433	147	93	434	2
577	104	434	1	93	1
578	2	132	436	435	1
579	104	113	93	1	1
580	77	147	104	181	2
581	148	76	1	63	1
582	63	76	1	138	1
583	63	168	1	18	1
584	169	140	18	138	2
585	139	34	1	159	1
586	317	139	56	318	2
587	52	140	294	311	2
588	52	444	306	308	2
589	308	295	184	309	2
590	99	335	1	316	1
591	75	27	135	136	2
592	240	440	441	176	2
593	218	554	256	3	1
594	325	415	324	521	2
595	362	360	359	67	2
596	524	297	1	523	1
597	5	110	16	417	1
598	235	237	1	236	1
599	105	87	165	62	2
600	211	105	152	1	1
601	59	210	1	211	1
602	211	157	210	10	2
603	121	126	20	268	2
604	222	73	180	179	2
605	8	369	142	482	1
606	2	86	179	73	1
607	1	131	210	2	1
608	23	2	27	115	1
609	132	157	210	73	2
610	122	166	242	2	1
611	87	105	229	227	2
612	184	308	309	306	2
613	337	150	333	193	2
614	104	77	181	1	1
615	149	181	1	148	1
616	149	181	182	1	1
617	149	148	1	63	1
618	149	63	1	18	1
619	18	193	333	332	2
620	378	393	356	384	2
621	194	150	1	334	1
622	194	337	1	524	1
623	194	524	1	195	1
624	152	10	183	235	2
625	151	193	1	194	1
626	447	1	187	449	1
627	269	482	8	206	1
628	2	27	136	135	1
629	280	339	144	340	2
630	281	338	483	4	1
631	340	286	421	4	1
632	338	339	4	144	1
633	37	339	496	4	1
634	243	418	268	12	2
635	483	419	281	4	1
636	418	526	419	12	2
637	279	489	112	280	2
638	489	280	49	173	2
639	112	279	4	254	1
640	286	287	270	89	2
641	144	286	4	476	1
642	287	270	529	4	1
643	421	286	287	4	1
644	102	126	119	10	2
645	514	548	342	422	2
646	531	45	260	457	2
647	211	10	183	152	2
648	37	243	126	180	2
649	561	511	7	373	1
650	180	243	246	202	2
651	418	2	12	419	1
652	419	37	244	418	2
653	202	243	123	244	2
654	228	2	1	87	1
655	483	2	418	419	1
656	2	42	60	4	1
657	460	470	204	472	2
658	165	2	87	1	1
659	378	388	88	389	2
660	70	134	154	536	2
661	237	105	231	1	1
662	372	3	376	178	1
663	195	297	524	523	2
664	218	554	3	234	1
665	564	406	4	209	1
666	564	405	406	209	2
667	440	142	441	366	2
668	174	546	482	440	2
669	388	378	547	94	2
670	78	8	451	174	1
671	263	367	555	4	1
672	463	466	426	6	1
673	22	240	239	8	1
674	269	8	369	4	1
675	205	482	206	239	2
676	174	240	205	452	2
677	558	530	505	274	2
678	8	254	15	507	1
679	8	254	507	275	1
680	269	546	4	369	1
681	367	546	369	263	2
682	323	263	4	529	1
683	323	529	4	287	1
684	532	383	4	3	1
685	324	475	402	403	2
686	318	534	139	138	2
687	431	564	219	518	2
688	564	517	4	219	1
689	266	536	4	17	1
690	266	536	70	4	1
691	154	3	74	4	1
692	60	126	114	20	2
693	10	127	70	102	2
694	518	17	4	431	1
695	521	367	26	4	1
696	521	367	4	555	1
697	367	325	263	555	2
698	524	570	337	1	1
699	558	192	174	488	2
700	26	383	521	4	1
701	359	8	7	67	1
702	419	420	2	526	1
703	18	327	1	149	1
704	298	186	316	315	2
705	11	5	13	547	1
706	300	137	301	11	2
707	483	2	419	4	1
708	33	2	115	1	1
709	15	280	279	415	2
710	87	2	226	227	1
711	460	244	464	468	2
712	268	243	12	122	2
713	48	320	160	75	2
714	499	257	3	423	1
715	7	551	372	3	1
716	414	96	376	412	2
717	409	381	478	3	1
718	403	408	66	409	2
719	442	333	414	415	2
720	26	383	532	380	2
721	17	4	266	518	1
722	364	14	368	365	2
723	174	546	440	415	2
724	193	183	182	149	2
725	283	217	234	235	2
726	322	528	122	268	2
727	332	52	185	333	2
728	18	169	1	185	1
729	227	225	153	226	2
730	215	102	119	10	2
731	437	147	132	202	2
732	28	147	23	138	2
733	3	390	88	7	1
734	2	437	202	438	1
735	516	70	266	127	2
736	376	408	96	415	2
737	3	485	412	285	1
738	412	377	3	411	1
739	241	96	500	499	2
740	221	2	222	215	1
741	414	412	376	285	2
742	493	466	68	15	2
743	558	175	429	487	2
744	23	468	473	27	2
745	78	542	344	360	2
746	57	344	343	488	2
747	6	460	2	464	1
748	269	546	482	279	2
749	437	132	247	202	2
750	170	466	454	467	2
751	8	430	174	78	1
752	280	546	415	287	2
753	244	245	277	173	2
754	568	466	265	426	2
755	8	14	365	532	1
756	344	345	488	346	2
757	359	362	67	346	2
758	330	359	67	346	2
759	178	479	478	3	1
760	262	101	458	456	2
761	454	474	6	172	1
762	202	27	71	23	2
763	292	468	262	456	2
764	71	202	438	201	2
765	1	333	332	336	1
766	333	150	332	193	2
767	333	185	332	336	2
768	193	337	151	333	2
769	150	337	194	193	2
770	161	492	162	54	2
771	54	8	7	167	1
772	346	547	356	161	2
773	54	8	167	189	1
774	418	526	12	244	2
775	6	537	538	261	1
776	537	491	261	106	2
777	261	61	537	538	2
778	457	260	291	106	2
779	106	260	291	537	2
780	565	348	198	161	2
781	354	559	355	143	2
782	300	565	341	79	2
783	198	5	197	79	1
784	198	190	356	300	2
785	465	420	277	244	2
786	161	190	341	535	2
787	493	192	161	346	2
788	304	190	341	303	2
789	228	2	227	230	1
790	10	468	244	180	2
791	83	70	102	153	2
792	499	217	241	96	2
793	127	339	512	4	1
794	217	266	70	10	2
795	204	460	472	459	2
796	439	127	4	552	1
797	155	492	189	8	1
798	44	415	323	287	2
799	98	7	565	198	1
800	125	192	8	155	1
801	95	494	510	68	2
802	10	156	72	221	2
803	18	193	149	151	2
804	241	217	283	96	2
805	547	75	333	52	2
806	5	197	9	55	1
807	190	303	16	341	2
808	16	110	341	417	2
809	395	378	373	326	2
810	106	547	161	306	2
811	415	547	376	356	2
812	380	371	267	362	2
813	1	195	238	151	1
814	346	373	376	178	2
815	254	275	4	112	1
816	106	319	317	312	2
817	2	93	71	177	1
818	506	426	505	568	2
819	493	466	454	68	2
820	252	80	269	251	2
821	261	5	538	6	1
822	251	8	80	205	1
823	106	52	75	306	2
824	414	284	96	413	2
825	486	260	537	539	2
826	326	393	384	394	2
827	495	259	569	6	1
828	109	259	556	569	2
829	395	393	392	356	2
830	121	268	20	322	2
831	392	393	7	39	1
832	344	542	90	359	2
833	395	398	392	353	2
834	364	14	7	368	1
835	427	5	162	560	1
836	427	565	54	98	2
837	161	492	35	162	2
838	6	492	8	162	1
839	234	118	235	217	2
840	515	126	114	127	2
841	510	6	68	467	1
842	297	151	236	195	2
843	410	498	257	3	1
844	422	340	287	421	2
845	415	466	468	493	2
846	514	111	513	4	1
847	191	535	304	309	2
848	28	92	1	33	1
849	33	146	28	34	2
850	23	146	34	28	2
851	173	463	477	6	1
852	10	105	62	227	2
853	84	120	2	81	1
854	43	2	10	213	1
855	483	2	4	418	1
856	84	215	119	222	2
857	501	468	329	262	2
858	266	127	70	10	2
859	346	415	493	174	2
860	442	414	443	188	2
861	532	26	365	8	1
862	506	466	15	505	2
863	284	96	500	241	2
864	7	384	94	386	1
865	277	276	245	2	1
866	101	468	262	458	2
867	287	546	529	270	2
868	173	276	49	245	2
869	568	466	426	505	2
870	49	276	275	489	2
871	75	320	56	317	2
872	306	52	308	309	2
873	132	2	247	543	1
874	458	459	6	101	1
875	59	2	62	1	1
876	409	257	66	410	2
877	415	147	333	75	2
878	174	440	452	78	2
879	286	89	476	144	2
880	356	559	350	348	2
881	111	564	517	342	2
882	431	518	219	4	1
883	517	518	219	564	2
884	2	130	224	163	1
885	521	325	4	401	1
886	403	380	107	324	2
887	559	356	424	198	2
888	325	383	521	324	2
889	325	546	415	26	2
890	38	57	343	167	2
891	38	8	167	7	1
892	8	90	7	343	1
893	38	8	57	167	1
894	147	468	23	75	2
895	130	225	224	10	2
896	228	230	227	74	2
897	240	142	8	441	1
898	87	10	62	227	2
899	109	35	162	161	2
900	227	229	87	228	2
901	327	18	332	193	2
902	518	217	266	17	2
903	198	5	7	565	1
904	367	142	8	369	1
905	7	39	393	396	1
906	269	252	4	89	1
907	283	151	235	236	2
908	546	279	89	287	2
909	279	80	269	253	2
910	89	546	270	269	2
911	426	68	541	6	1
912	202	243	246	248	2
913	281	338	280	37	2
914	124	53	24	6	1
915	418	526	244	419	2
916	80	558	207	264	2
917	8	253	504	15	1
918	265	8	505	568	1
919	384	394	396	7	1
920	15	493	415	174	2
921	264	558	207	505	2
922	558	493	125	274	2
923	205	546	174	15	2
924	15	49	506	507	2
925	384	540	396	39	2
926	436	2	247	132	1
927	74	2	4	1	1
928	87	2	130	226	1
929	153	2	4	230	1
930	230	154	153	227	2
931	70	126	102	127	2
932	137	5	301	549	1
933	242	180	246	65	2
934	242	180	65	81	2
935	65	166	242	81	2
936	132	180	543	247	2
937	330	371	267	331	2
938	174	440	78	346	2
939	365	267	368	364	2
940	3	383	107	380	1
941	2	113	1	93	1
942	26	380	532	365	2
943	371	331	370	267	2
944	290	320	75	106	2
945	213	2	10	215	1
946	502	468	262	292	2
947	8	532	4	3	1
948	285	480	414	481	2
949	306	444	50	307	2
950	172	455	454	474	2
951	169	52	294	185	2
952	184	307	306	5	1
953	18	52	140	169	2
954	52	147	140	75	2
955	82	214	213	2	1
956	152	1	32	238	1
957	454	461	101	172	2
958	434	147	93	104	2
959	3	390	7	567	1
960	478	380	381	403	2
961	178	408	415	478	2
962	178	479	376	478	2
963	478	380	178	381	2
964	537	563	6	538	1
965	348	559	143	349	2
966	8	362	364	7	1
967	100	328	2	501	1
968	245	477	277	173	2
969	365	362	141	440	2
970	15	489	280	49	2
971	64	120	2	119	1
972	344	345	346	90	2
973	346	360	78	359	2
974	90	8	344	343	1
975	330	359	7	67	1
976	174	344	488	78	2
977	304	341	16	303	2
978	535	190	341	304	2
979	356	190	11	300	2
980	300	5	301	137	1
981	285	480	399	414	2
982	3	14	7	532	1
983	395	378	326	356	2
984	376	567	551	414	2
985	512	514	513	4	1
986	7	551	3	561	1
987	399	567	285	414	2
988	1	447	3	449	1
989	48	5	320	321	1
990	309	310	191	535	2
991	138	23	159	75	2
992	195	237	236	32	2
993	331	371	7	484	1
994	415	468	75	493	2
995	290	493	106	75	2
996	461	460	6	464	1
997	172	461	101	474	2
998	455	456	458	101	2
999	474	462	6	172	1
1000	454	455	6	474	1
1001	292	503	502	290	2
1002	458	455	6	456	1
1003	67	363	330	362	2
1004	28	115	21	92	2
1005	177	113	92	1	1
1006	28	92	21	1	1
1007	384	7	326	394	1
1008	7	373	223	372	1
1009	395	511	7	326	1
1010	3	374	7	561	1
1011	395	326	7	394	1
1012	395	511	373	7	1
1013	243	180	244	202	2
1014	397	223	484	7	1
1015	395	371	223	373	2
1016	395	331	397	223	2
1017	397	223	7	395	1
1018	88	447	480	3	1
1019	410	258	411	3	1
1020	178	3	478	381	1
1021	411	257	409	498	2
1022	411	408	257	96	2
1023	5	140	311	497	1
1024	423	408	3	85	1
1025	3	431	4	17	1
1026	285	375	3	485	1
1027	38	348	347	7	1
1028	3	414	285	413	1
1029	331	223	484	397	2
1030	413	285	3	412	1
1031	284	96	241	283	2
1032	411	96	3	412	1
1033	311	295	497	294	2
1034	409	258	410	3	1
1035	409	258	478	411	2
1036	285	375	485	567	2
1037	404	403	324	415	2
1038	376	408	478	96	2
1039	378	444	388	547	2
1040	178	440	415	346	2
1041	266	517	518	4	1
1042	79	5	197	300	1
1043	550	533	11	220	2
1044	356	425	424	79	2
1045	159	160	75	1	1
1046	408	217	85	423	2
1047	17	217	36	3	1
1048	17	233	134	36	2
1049	96	257	499	423	2
1050	290	320	321	48	2
1051	563	538	61	6	1
1052	81	126	121	268	2
1053	100	290	289	75	2
1054	554	233	36	234	2
1055	147	10	333	151	2
1056	383	532	380	3	1
1057	440	452	78	451	2
1058	180	157	73	222	2
1059	337	442	333	298	2
1060	246	180	543	65	2
1061	298	316	1	187	1
1062	161	5	40	560	1
1063	31	565	40	55	2
1064	133	109	569	493	2
1065	556	5	161	6	1
1066	15	80	253	504	2
1067	358	7	137	550	1
1068	66	405	3	408	1
1069	355	559	7	143	1
1070	568	8	506	6	1
1071	49	8	6	506	1
1072	253	80	8	504	1
1073	551	378	373	376	2
1074	1	131	2	29	1
1075	225	226	227	87	2
1076	60	42	20	114	2
1077	180	157	222	10	2
1078	87	229	165	228	2
1079	105	152	237	235	2
1080	70	516	515	127	2
1081	121	166	322	2	1
1082	91	391	7	352	1
1083	200	27	116	115	2
1084	96	284	519	283	2
1085	28	115	23	21	2
1086	2	437	438	71	1
1087	21	115	177	92	2
1088	135	2	1	75	1
1089	38	8	7	343	1
1090	8	38	57	343	1
1091	541	8	274	265	1
1092	174	344	430	488	2
1093	346	344	78	488	2
1094	188	296	3	442	1
1095	487	192	125	488	2
1096	241	284	3	500	1
1097	4	404	402	324	1
1098	10	442	333	151	2
1099	151	297	524	195	2
1100	244	420	245	419	2
1101	276	8	49	275	1
1102	154	230	74	227	2
1103	2	436	437	71	1
1104	65	247	246	2	1
1105	568	49	6	506	1
1106	96	283	519	414	2
1107	434	435	1	93	1
1108	140	320	317	106	2
1109	132	71	436	93	2
1110	132	73	543	180	2
1111	431	405	406	564	2
1112	564	405	209	407	2
1113	478	403	409	415	2
1114	514	548	422	415	2
1115	407	324	4	415	1
1116	2	471	123	470	1
1117	81	243	122	180	2
1118	200	2	116	201	1
1119	244	173	277	464	2
1120	176	240	452	8	1
1121	418	243	268	37	2
1122	10	37	180	244	2
1123	149	147	77	181	2
1124	543	2	247	65	1
1125	288	5	51	417	1
1126	75	5	6	1	1
1127	214	225	216	102	2
1128	75	317	56	318	2
1129	297	296	1	196	1
1130	236	442	297	283	2
1131	414	442	519	188	2
1132	297	99	298	337	2
1133	414	443	299	298	2
1134	449	443	299	3	1
1135	472	2	470	471	1
1136	309	52	311	140	2
1137	187	298	449	1	1
1138	414	447	298	299	2
1139	442	297	570	298	2
1140	88	447	3	448	1
1141	346	362	330	440	2
1142	528	243	527	122	2
1143	71	27	115	23	2
1144	176	440	441	8	1
1145	80	505	504	15	2
1146	478	3	479	258	1
1147	125	175	487	488	2
1148	265	68	505	274	2
1149	541	8	265	6	1
1150	274	8	530	265	1
1151	274	8	6	273	1
1152	32	183	195	152	2
1153	152	238	212	1	1
1154	29	212	432	1	1
1155	194	151	195	1	1
1156	423	218	256	3	1
1157	132	157	180	10	2
1158	75	27	23	135	2
1159	135	2	75	136	1
1160	75	23	159	135	2
1161	27	2	136	116	1
1162	126	42	20	4	1
1163	133	24	6	124	1
1164	71	27	201	200	2
1165	151	193	182	1	1
1166	183	433	29	432	2
1167	195	337	151	194	2
1168	518	217	431	266	2
1169	18	327	149	193	2
1170	147	132	180	10	2
1171	415	147	75	10	2
1172	283	96	415	414	2
1173	298	99	316	186	2
1174	415	442	283	414	2
1175	283	442	297	196	2
1176	356	425	58	424	2
1177	93	435	436	132	2
1178	388	444	50	547	2
1179	182	193	149	1	1
1180	194	150	193	1	1
1181	193	183	149	151	2
1182	384	393	39	396	2
1183	356	393	392	39	2
1184	92	115	1	33	1
1185	96	284	500	3	1
1186	333	335	186	1	1
1187	446	447	187	315	2
1188	337	99	334	1	1
1189	315	186	1	314	1
1190	38	345	343	7	1
1191	161	565	40	31	2
1192	138	23	34	159	2
1193	23	146	138	34	2
1194	183	237	236	152	2
1195	147	52	140	18	2
1196	147	183	77	433	2
1197	10	468	75	415	2
1198	8	427	189	54	1
1199	493	259	260	161	2
1200	493	192	346	174	2
1201	240	22	239	205	2
1202	481	480	3	399	1
1203	125	558	208	429	2
1204	111	415	431	564	2
1205	4	219	517	518	1
1206	342	111	4	517	1
1207	564	548	209	4	1
1208	315	186	316	1	1
1209	272	53	8	273	1
1210	155	53	24	271	2
1211	24	35	124	133	2
1212	24	125	155	35	2
1213	414	447	299	480	2
1214	480	447	299	3	1
1215	561	375	3	567	1
1216	481	480	299	3	1
1217	414	480	299	481	2
1218	106	547	415	161	2
1219	183	77	1	182	1
1220	298	447	449	299	2
1221	376	378	373	547	2
1222	333	447	315	298	2
1223	212	183	432	1	1
1224	152	183	212	238	2
1225	32	183	152	238	2
1226	210	433	29	183	2
1227	212	183	1	238	1
1228	111	127	415	514	2
1229	548	564	415	514	2
1230	287	278	415	340	2
1231	287	422	421	4	1
1232	422	548	4	44	1
1233	518	217	17	431	2
1234	415	442	10	283	2
1235	1	235	3	231	1
1236	217	233	118	70	2
1237	180	468	244	202	2
1238	234	118	3	235	1
1239	195	237	152	236	2
1240	190	161	306	535	2
1241	232	154	74	227	2
1242	70	232	118	227	2
1243	304	417	16	341	2
1244	568	49	426	6	1
1245	498	96	3	411	1
1246	173	463	6	462	1
1247	466	464	173	244	2
1248	506	466	49	15	2
1249	265	68	274	541	2
1250	75	5	160	48	1
1251	505	466	15	68	2
1252	75	320	160	56	2
1253	5	320	56	48	1
1254	388	5	450	255	1
1255	48	5	160	56	1
1256	75	139	159	138	2
1257	388	5	7	387	1
1258	443	1	3	449	1
1259	195	522	523	1	1
1260	3	236	1	196	1
1261	195	32	1	238	1
1262	152	237	32	1	1
1263	116	328	2	136	1
1264	262	501	6	329	1
1265	85	217	431	3	1
1266	75	328	136	100	2
1267	499	217	96	423	2
1268	89	280	476	144	2
1269	94	387	388	7	1
1270	279	280	4	476	1
1271	537	61	563	538	2
1272	287	280	279	89	2
1273	173	280	244	281	2
1274	349	7	559	143	1
1275	507	279	254	15	2
1276	520	414	413	519	2
1277	414	520	413	3	1
1278	346	400	250	330	2
1279	350	345	347	250	2
1280	465	420	244	2	1
1281	281	489	4	245	1
1282	351	391	7	392	1
1283	345	348	350	347	2
1284	415	4	44	323	1
1285	230	83	4	153	1
1286	244	420	277	245	2
1287	419	37	418	483	2
1288	500	218	499	3	1
1289	498	257	499	96	2
1290	43	214	224	2	1
1291	87	225	130	10	2
1292	153	10	227	70	2
1293	224	225	130	2	1
1294	59	2	1	158	1
1295	119	180	81	84	2
1296	29	183	432	212	2
1297	156	128	10	72	2
1298	79	565	197	198	2
1299	565	108	341	31	2
1300	341	565	31	9	2
1301	565	9	79	197	2
1302	190	565	198	161	2
1303	8	265	6	568	1
1304	174	240	482	205	2
1305	378	393	384	326	2
1306	8	505	504	264	1
1307	253	15	254	279	2
1308	174	205	41	22	2
1309	380	362	267	365	2
1310	206	80	205	251	2
1311	368	364	267	7	1
1312	346	362	67	330	2
1313	469	460	464	249	2
1314	267	362	7	364	1
1315	89	286	476	4	1
1316	122	166	2	322	1
1317	371	373	178	551	2
1318	119	102	64	60	2
1319	528	243	12	527	2
1320	175	428	430	174	2
1321	215	82	64	102	2
1322	413	96	412	3	1
1323	8	206	251	252	1
1324	253	545	252	254	2
1325	253	545	8	252	1
1326	205	206	251	239	2
1327	1	148	181	104	1
1328	252	279	89	269	2
1329	170	493	45	454	2
1330	467	170	510	6	1
1331	68	95	274	6	1
1332	3	30	553	485	1
1333	39	357	7	356	1
1334	346	547	161	415	2
1335	358	357	220	356	2
1336	309	190	305	306	2
1337	392	7	351	356	1
1338	13	305	302	301	2
1339	9	300	79	199	2
1340	137	356	550	11	2
1341	244	473	123	202	2
1342	301	13	305	547	2
1343	351	355	356	7	1
1344	250	391	352	350	2
1345	356	391	351	392	2
1346	52	444	308	315	2
1347	314	5	1	25	1
1348	547	444	306	52	2
1349	417	5	51	16	1
1350	336	52	1	314	1
1351	311	294	497	140	2
1352	463	466	6	462	1
1353	118	229	232	3	1
1354	130	2	225	226	1
1355	172	466	6	467	1
1356	513	515	439	4	1
1357	462	461	6	173	1
1358	448	3	88	7	1
1359	446	444	255	88	2
1360	3	390	399	88	1
1361	480	88	3	399	1
1362	170	453	454	45	2
1363	447	378	88	414	2
1364	447	378	414	547	2
1365	88	446	447	448	2
1366	547	415	376	414	2
1367	70	126	127	114	2
1368	111	127	266	415	2
1369	126	42	439	114	2
1370	376	567	285	551	2
1371	178	551	373	376	2
1372	285	567	485	551	2
1373	372	551	376	3	1
1374	7	551	373	372	1
1375	567	399	88	414	2
1376	550	540	11	356	2
1377	371	373	551	372	2
1378	209	548	407	4	1
1379	431	405	408	406	2
1380	415	405	404	408	2
1381	378	414	551	567	2
1382	220	11	386	533	2
1383	386	396	7	384	1
1384	379	371	370	267	2
1385	16	51	304	5	1
1386	304	417	341	535	2
1387	288	69	417	106	2
1388	106	108	535	161	2
1389	106	288	490	417	2
1390	530	273	274	272	2
1391	384	393	396	394	2
1392	125	24	493	35	2
1393	541	8	6	274	1
1394	24	493	494	274	2
1395	274	95	494	24	2
1396	493	170	45	509	2
1397	254	489	507	275	2
1398	276	8	2	6	1
1399	350	348	143	7	1
1400	254	8	4	275	1
1401	8	276	4	275	1
1402	15	489	507	280	2
1403	173	489	245	49	2
1404	2	180	65	543	1
1405	247	180	543	246	2
1406	180	202	247	132	2
1407	65	247	543	246	2
1408	92	2	115	177	1
1409	30	374	551	567	2
1410	551	561	30	3	1
1411	376	377	553	485	2
1412	561	375	30	3	1
1413	553	485	30	551	2
1414	546	323	263	325	2
1415	152	212	211	1	1
1416	105	165	59	211	2
1417	29	211	212	1	1
1418	2	464	465	173	1
1419	27	328	473	201	2
1420	437	202	438	71	2
1421	425	356	358	79	2
1422	381	380	385	3	1
1423	497	5	295	311	1
1424	354	559	143	350	2
1425	358	357	7	220	1
1426	273	97	272	530	2
1427	254	8	15	253	1
1428	541	265	568	6	1
1429	265	505	530	274	2
1430	359	344	78	346	2
1431	344	359	90	346	2
1432	344	360	359	78	2
1433	346	359	90	7	1
1434	90	8	7	359	1
1435	344	175	8	430	1
1436	415	340	127	280	2
1437	280	546	279	415	2
1438	3	374	561	567	1
1439	415	278	514	340	2
1440	376	378	547	414	2
1441	340	278	512	4	1
1442	507	280	279	15	2
1443	415	278	422	514	2
1444	279	489	280	507	2
1445	25	5	307	308	1
1446	493	558	15	68	2
1447	68	466	6	426	1
1448	241	554	218	234	2
1449	547	444	52	333	2
1450	493	45	6	509	1
1451	566	486	293	260	2
1452	260	495	6	563	1
1453	531	45	457	293	2
1454	457	45	493	454	2
1455	531	45	293	260	2
1456	260	291	537	539	2
1457	260	457	493	106	2
1458	558	493	15	174	2
1459	492	192	155	189	2
1460	405	403	404	408	2
1461	219	406	4	564	1
1462	404	209	407	4	1
1463	4	405	3	404	1
1464	186	52	336	314	2
1465	4	475	402	404	1
1466	1	316	335	186	1
1467	140	169	318	138	2
1468	538	5	288	61	1
1469	138	534	1	168	1
1470	138	169	168	18	2
1471	52	147	333	18	2
1472	211	157	10	62	2
1473	180	215	119	10	2
1474	2	60	64	102	1
1475	103	102	70	114	2
1476	493	290	106	457	2
1477	426	49	463	6	1
1478	55	5	31	9	1
1479	4	406	431	3	1
1480	117	290	291	6	1
1481	7	347	345	250	1
1482	262	502	292	6	1
1483	539	290	291	117	2
1484	291	321	290	106	2
1485	440	360	361	451	2
1486	539	290	117	457	2
1487	140	320	106	75	2
1488	98	5	560	565	1
1489	108	5	110	31	1
1490	69	5	6	61	1
1491	411	408	478	257	2
1492	431	408	85	406	2
1493	219	406	431	4	1
1494	102	225	216	153	2
1495	227	2	226	153	1
1496	230	83	154	4	1
1497	244	420	526	2	1
1498	87	225	10	227	2
1499	174	175	488	430	2
1500	8	430	428	174	1
1501	505	8	15	506	1
1502	415	111	431	266	2
1503	548	415	44	422	2
1504	517	4	342	564	1
1505	342	111	514	4	1
1506	411	410	3	498	1
1507	411	408	96	478	2
1508	293	260	45	566	2
1509	45	457	493	260	2
1510	260	259	495	563	2
1511	509	453	45	6	1
1512	267	370	368	7	1
1513	432	434	77	433	2
1514	104	434	77	1	1
1515	434	435	93	433	2
1516	370	331	7	267	1
1517	372	371	7	282	1
1518	459	2	472	204	1
1519	468	460	459	101	2
1520	458	468	6	459	1
1521	367	546	482	369	2
1522	157	131	73	158	2
1523	158	157	62	2	1
1524	93	2	435	1	1
1525	179	2	84	222	1
1526	279	252	253	269	2
1527	478	403	381	409	2
1528	195	183	236	152	2
1529	331	363	7	267	1
1530	217	499	241	218	2
1531	407	324	415	404	2
1532	235	283	236	46	2
1533	415	383	26	380	2
1534	415	325	324	4	1
1535	407	324	404	4	1
1536	367	325	555	521	2
1537	569	562	109	133	2
1538	415	383	324	521	2
1539	325	383	401	521	2
1540	35	24	493	133	2
1541	133	109	35	562	2
1542	133	495	569	6	1
1543	8	124	35	6	1
1544	98	5	565	7	1
1545	565	349	98	198	2
1546	161	5	108	40	1
1547	427	560	162	98	2
1548	565	161	40	560	2
1549	198	5	565	197	1
1550	234	46	3	241	1
1551	232	154	227	70	2
1552	85	217	3	256	1
1553	217	408	85	431	2
1554	230	83	153	154	2
1555	423	554	256	218	2
1556	530	558	208	274	2
1557	277	276	2	477	1
1558	263	367	4	369	1
1559	15	558	174	205	2
1560	274	53	272	273	2
1561	487	208	8	429	1
1562	207	80	8	205	1
1563	8	239	205	251	1
1564	279	80	253	15	2
1565	396	540	386	7	1
1566	394	393	396	7	1
1567	83	2	102	103	1
1568	266	4	70	114	1
1569	217	536	70	266	2
1570	114	103	4	70	1
1571	83	153	216	2	1
1572	147	71	177	115	2
1573	183	77	432	1	1
1574	126	102	127	10	2
1575	227	70	154	153	2
1576	147	132	433	93	2
1577	147	180	132	202	2
1578	18	147	149	138	2
1579	195	183	151	236	2
1580	436	2	437	247	1
1581	200	27	201	116	2
1582	342	4	514	422	1
1583	567	30	485	551	2
1584	414	378	88	567	2
1585	567	378	374	373	2
1586	481	375	3	285	1
1587	94	378	384	7	1
1588	257	498	411	96	2
1589	225	102	10	153	2
1590	421	278	4	422	1
1591	340	415	287	280	2
1592	564	111	514	342	2
1593	431	111	564	518	2
1594	129	2	222	221	1
1595	10	153	102	70	2
1596	165	2	1	62	1
1597	417	110	341	108	2
1598	227	225	10	153	2
1599	244	37	280	415	2
1600	266	127	10	415	2
1601	10	147	183	151	2
1602	126	119	180	81	2
1603	89	545	279	252	2
1604	75	547	306	52	2
1605	315	25	314	1	1
1606	333	444	315	447	2
1607	187	315	316	1	1
1608	315	52	186	314	2
1609	316	447	298	315	2
1610	8	265	508	530	1
1611	414	447	547	333	2
1612	187	447	449	298	2
1613	3	402	107	4	1
1614	402	383	107	401	2
1615	431	406	85	3	1
1616	324	475	403	404	2
1617	346	400	330	7	1
1618	5	311	47	310	1
1619	5	140	497	294	1
1620	294	5	295	497	1
1621	535	311	140	309	2
1622	52	306	140	309	2
1623	312	535	140	106	2
1624	249	2	470	472	1
1625	127	126	552	439	2
1626	162	562	6	35	1
1627	556	109	569	6	1
1628	493	109	161	35	2
1629	496	126	552	37	2
1630	244	243	557	527	2
1631	42	126	20	114	2
1632	81	243	268	122	2
1633	468	493	290	75	2
1634	2	42	4	20	1
1635	60	126	20	121	2
1636	447	414	298	333	2
1637	5	446	445	255	1
1638	444	446	445	315	2
1639	11	378	384	94	2
1640	388	378	94	389	2
1641	3	446	1	448	1
1642	7	350	347	250	1
1643	348	345	167	38	2
1644	167	345	343	38	2
1645	201	328	19	116	2
1646	38	345	7	347	1
1647	180	215	10	222	2
1648	215	222	221	10	2
1649	2	468	459	6	1
1650	10	214	224	213	2
1651	10	214	82	102	2
1652	2	84	222	215	1
1653	206	240	482	8	1
1654	252	206	251	269	2
1655	68	466	467	6	1
1656	367	440	26	366	2
1657	269	8	4	252	1
1658	343	8	344	57	1
1659	183	147	77	149	2
1660	181	147	104	148	2
1661	149	77	183	182	2
1662	210	433	183	132	2
1663	147	28	21	145	2
1664	195	522	1	32	1
1665	522	195	523	236	2
1666	414	442	443	298	2
1667	469	460	123	244	2
1668	1	182	77	181	1
1669	236	442	151	297	2
1670	195	522	32	236	2
1671	236	522	1	196	1
1672	371	380	178	440	2
1673	379	371	267	380	2
1674	89	286	287	340	2
1675	331	371	370	7	1
1676	8	269	206	252	1
1677	57	192	167	8	1
1678	175	558	429	428	2
1679	8	57	488	344	1
1680	429	175	428	8	1
1681	125	53	272	24	2
1682	466	463	426	49	2
1683	83	102	216	153	2
1684	8	545	4	252	1
1685	207	80	264	8	1
1686	206	8	251	239	1
1687	505	8	504	15	1
1688	333	442	10	415	2
1689	252	80	253	269	2
1690	8	239	22	205	1
1691	78	360	451	8	1
1692	22	452	8	174	1
1693	22	174	8	41	1
1694	41	174	8	428	1
1695	428	558	8	41	1
1696	22	41	8	205	1
1697	346	360	440	78	2
1698	8	365	7	364	1
1699	142	440	441	240	2
1700	362	360	361	440	2
1701	344	175	430	488	2
1702	35	192	125	155	2
1703	427	8	7	54	1
1704	310	311	47	535	2
1705	274	558	208	125	2
1706	506	8	15	507	1
1707	8	49	507	506	1
1708	362	67	7	8	1
1709	4	367	8	369	1
1710	49	8	507	275	1
1711	508	530	265	505	2
1712	568	8	505	506	1
1713	26	532	4	8	1
1714	432	434	433	1	1
1715	442	3	188	443	1
1716	195	297	523	236	2
1717	527	528	2	12	1
1718	432	434	1	77	1
1719	2	113	93	177	1
1720	149	77	182	181	2
1721	63	147	181	148	2
1722	147	93	177	71	2
1723	147	183	433	132	2
1724	236	235	46	3	1
1725	7	368	282	370	1
1726	234	46	235	3	1
1727	46	283	3	241	1
1728	236	283	3	46	1
1729	528	243	122	12	2
1730	366	142	8	367	1
1731	329	262	468	6	1
1732	452	440	176	451	2
1733	269	482	369	8	1
1734	346	371	330	373	2
1735	269	80	482	206	2
1736	440	142	366	367	2
1737	463	466	173	49	2
1738	15	466	49	173	2
1739	172	461	474	462	2
1740	173	2	6	477	1
1741	173	460	466	461	2
1742	465	173	464	277	2
1743	173	489	281	245	2
1744	466	173	462	463	2
1745	517	516	4	266	1
1746	461	466	173	462	2
1747	454	460	468	101	2
1748	468	466	454	493	2
1749	525	473	203	202	2
1750	472	460	2	459	1
1751	289	2	75	6	1
1752	290	320	106	321	2
1753	331	363	330	7	1
1754	27	328	116	136	2
1755	451	440	8	361	1
1756	185	1	294	169	1
1757	185	52	1	336	1
1758	318	5	140	317	1
1759	295	311	52	294	2
1760	5	318	140	169	1
1761	533	5	11	387	1
1762	279	489	254	112	2
1763	281	112	280	4	1
1764	280	15	244	415	2
1765	279	280	112	4	1
1766	144	280	476	4	1
1767	119	37	180	10	2
1768	89	340	280	144	2
1769	81	121	120	2	1
1770	70	126	114	102	2
1771	287	278	340	422	2
1772	206	80	482	205	2
1773	205	546	482	174	2
1774	546	440	26	367	2
1775	89	546	287	270	2
1776	505	80	504	264	2
1777	5	291	6	491	1
1778	291	321	6	290	1
1779	290	48	321	6	1
1780	290	48	6	289	1
1781	8	366	440	441	1
1782	509	493	494	6	1
1783	274	95	24	53	2
1784	493	24	494	6	1
1785	395	511	326	373	2
1786	68	170	493	494	2
1787	260	69	161	259	2
1788	4	281	245	419	1
1789	489	2	4	245	1
1790	489	254	112	275	2
1791	173	276	245	477	2
1792	245	244	419	281	2
1793	173	276	477	49	2
1794	489	507	275	49	2
1795	245	244	281	173	2
1796	333	52	185	336	2
1797	518	516	517	266	2
1798	114	516	4	515	1
1799	70	515	114	127	2
1800	564	111	517	518	2
1801	336	1	186	314	1
1802	333	186	336	1	1
1803	99	298	333	186	2
1804	106	52	140	75	2
1805	298	186	315	333	2
1806	496	4	127	552	1
1807	281	37	280	244	2
1808	439	127	513	4	1
1809	512	127	4	513	1
1810	49	463	477	173	2
1811	514	127	512	513	2
1812	419	37	281	244	2
1813	49	477	463	6	1
1814	415	340	514	127	2
1815	415	37	127	10	2
1816	94	540	11	386	2
1817	25	315	314	308	2
1818	94	547	388	11	2
1819	258	376	478	411	2
1820	551	553	376	3	1
1821	376	377	258	479	2
1822	412	377	411	376	2
1823	203	19	201	473	2
1824	471	2	203	473	1
1825	52	18	333	332	2
1826	473	525	471	123	2
1827	123	468	473	244	2
1828	314	5	308	52	1
1829	185	52	294	1	1
1830	295	308	52	309	2
1831	69	5	110	108	1
1832	50	444	450	5	1
1833	79	137	300	356	2
1834	220	358	550	7	1
1835	356	358	550	220	2
1836	106	312	317	140	2
1837	535	312	47	313	2
1838	535	312	313	106	2
1839	67	362	361	8	1
1840	287	44	422	4	1
1841	250	400	7	352	1
1842	391	356	351	354	2
1843	346	400	7	250	1
1844	350	352	7	354	1
1845	415	44	422	287	2
1846	415	548	407	564	2
1847	287	44	4	323	1
1848	409	257	410	498	2
1849	3	66	410	409	1
1850	66	257	3	410	1
1851	498	258	411	410	2
1852	340	37	127	280	2
1853	278	422	421	340	2
1854	286	89	144	340	2
1855	1	211	210	29	1
1856	512	339	340	4	1
1857	165	210	211	62	2
1858	127	278	514	512	2
1859	445	5	25	1	1
1860	551	374	561	373	2
1861	3	374	567	7	1
1862	326	378	374	7	1
1863	561	511	374	7	1
1864	378	444	547	88	2
1865	30	374	561	551	2
1866	197	300	199	79	2
1867	356	137	550	358	2
1868	161	547	190	306	2
1869	191	190	303	305	2
1870	5	137	300	79	1
1871	358	5	137	7	1
1872	191	190	305	304	2
1873	9	300	199	341	2
1874	300	565	79	198	2
1875	356	300	79	198	2
1876	472	2	471	204	1
1877	470	460	249	472	2
1878	468	460	204	459	2
1879	470	204	472	471	2
1880	33	2	1	23	1
1881	415	548	44	4	1
1882	564	548	4	342	1
1883	422	548	342	4	1
1884	415	548	4	407	1
1885	407	548	209	564	2
1886	499	257	498	3	1
1887	405	431	408	415	2
1888	408	415	409	403	2
1889	106	5	319	313	1
1890	52	5	308	295	1
1891	5	294	295	52	1
1892	530	508	264	505	2
1893	308	5	184	295	1
1894	280	489	281	173	2
1895	54	559	348	349	2
1896	112	4	489	275	1
1897	281	489	112	4	1
1898	489	279	254	507	2
1899	566	453	293	6	1
1900	106	69	161	260	2
1901	537	563	260	6	1
1902	259	61	563	260	2
1903	288	69	61	416	2
1904	109	69	161	556	2
1905	133	259	493	569	2
1906	566	495	260	45	2
1907	566	486	260	6	1
1908	415	217	235	10	2
1909	3	402	403	107	1
1910	381	403	3	409	1
1911	66	403	409	3	1
1912	431	405	407	415	2
1913	403	405	66	408	2
1914	217	408	96	423	2
1915	283	408	415	96	2
1916	85	256	3	423	1
1917	268	122	322	121	2
1918	122	322	121	81	2
1919	408	217	415	431	2
1920	562	124	6	35	1
1921	255	389	448	388	2
1922	11	50	547	388	2
1923	383	415	26	521	2
1924	11	378	94	547	2
1925	388	88	448	255	2
1926	74	4	230	154	1
1927	74	2	230	4	1
1928	59	2	158	62	1
1929	395	393	394	353	2
1930	3	536	17	4	1
1931	346	391	350	356	2
1932	395	353	394	7	1
1933	392	393	353	7	1
1934	395	398	353	397	2
1935	70	4	536	154	1
1936	69	106	537	260	2
1937	536	217	17	266	2
1938	4	134	154	3	1
1939	305	13	306	547	2
1940	233	70	536	134	2
1941	261	288	538	491	2
1942	61	69	556	6	1
1943	69	288	417	416	2
1944	260	61	563	537	2
1945	69	260	61	259	2
1946	537	288	261	491	2
1947	261	486	539	6	1
1948	117	486	531	6	1
1949	260	486	537	6	1
1950	566	486	6	293	1
1951	493	495	45	260	2
1952	495	259	6	563	1
1953	45	6	495	493	1
1954	566	495	45	6	1
1955	566	495	6	260	1
1956	180	126	81	268	2
1957	418	483	37	4	1
1958	2	83	102	216	1
1959	127	37	496	552	2
1960	31	108	40	161	2
1961	496	126	37	4	1
1962	127	126	37	552	2
1963	119	126	121	81	2
1964	10	126	119	37	2
1965	132	437	436	71	2
1966	361	360	67	8	1
1967	440	371	362	330	2
1968	141	362	364	8	1
1969	366	141	8	440	1
1970	141	362	8	361	1
1971	409	258	3	478	1
1972	515	111	516	4	1
1973	498	258	410	409	2
1974	101	455	474	6	1
1975	171	6	455	456	1
1976	454	455	171	6	1
1977	101	455	6	458	1
1978	492	54	427	162	2
1979	502	100	6	501	1
1980	262	502	6	501	1
1981	292	100	468	290	2
1982	331	363	267	330	2
1983	167	492	54	189	2
1984	155	124	8	271	1
1985	125	155	8	271	1
1986	326	378	7	384	1
1987	192	492	155	35	2
1988	494	170	509	6	1
1989	467	170	6	454	1
1990	569	6	259	556	1
1991	68	170	454	493	2
1992	494	170	6	510	1
1993	6	563	259	556	1
1994	61	259	563	556	2
1995	133	259	569	495	2
1996	493	259	495	260	2
1997	133	259	495	493	2
1998	194	337	334	1	1
1999	337	150	194	334	2
2000	75	139	318	160	2
2001	297	99	337	570	2
2002	195	337	524	151	2
2003	193	337	194	151	2
2004	202	473	203	201	2
2005	433	2	435	132	1
2006	283	217	235	415	2
2007	470	204	471	123	2
2008	460	469	464	244	2
2009	70	233	118	232	2
2010	468	100	502	501	2
2011	23	468	202	473	2
2012	161	547	356	190	2
2013	386	387	94	7	1
2014	190	547	301	305	2
2015	328	473	19	329	2
2016	550	540	356	220	2
2017	325	546	367	263	2
2018	402	383	401	324	2
2019	515	111	513	127	2
2020	562	124	133	6	1
2021	162	562	35	109	2
2022	365	379	14	267	2
2023	346	371	178	440	2
2024	3	383	4	107	1
2025	403	380	381	107	2
2026	324	383	380	107	2
2027	551	371	372	178	2
2028	380	362	365	440	2
2029	162	562	109	6	1
2030	569	562	133	6	1
2031	99	335	334	1	1
2032	333	99	334	337	2
2033	1	570	99	316	1
2034	337	99	1	570	1
2035	99	298	337	333	2
2036	297	99	570	298	2
2037	550	5	549	11	1
2038	309	306	305	184	2
2039	13	301	549	547	2
2040	501	2	6	329	1
2041	2	100	6	136	1
2042	2	329	473	204	1
2043	473	468	204	329	2
2044	405	407	564	431	2
2045	468	100	75	290	2
2046	468	147	23	202	2
2047	201	27	71	202	2
2048	62	165	59	1	1
2049	228	1	165	87	1
2050	75	48	289	6	1
2051	10	105	152	62	2
2052	327	1	150	332	1
2053	5	161	6	162	1
2054	189	192	155	8	1
2055	529	546	4	270	1
2056	263	325	323	4	1
2057	54	559	349	198	2
2058	367	325	521	26	2
2059	224	72	130	10	2
2060	224	128	10	43	2
2061	82	214	2	102	1
2062	87	164	62	72	2
2063	5	427	162	6	1
2064	106	288	69	537	2
2065	259	69	556	61	2
2066	565	108	31	161	2
2067	416	5	417	110	1
2068	448	389	88	388	2
2069	109	69	556	259	2
2070	297	296	442	1	1
2071	260	69	61	537	2
2072	255	389	388	7	1
2073	390	88	389	378	2
2074	255	389	7	448	1
2075	348	356	198	161	2
2076	94	378	7	389	1
2077	423	217	85	256	2
2078	17	233	36	217	2
2079	32	1	237	236	1
2080	241	554	234	217	2
2081	499	217	423	218	2
2082	423	218	3	499	1
2083	155	492	8	35	1
2084	427	7	8	5	1
2085	33	2	23	115	1
2086	447	446	187	1	1
2087	310	309	311	535	2
2088	162	565	427	98	2
2089	6	427	162	8	1
2090	115	2	200	177	1
2091	331	398	330	395	2
2092	71	115	200	177	2
2093	7	353	398	397	1
2094	92	2	177	1	1
2095	115	28	33	92	2
2096	352	91	400	7	1
2097	346	391	392	330	2
2098	287	4	286	270	1
2099	395	391	392	398	2
2100	287	286	421	340	2
2101	89	286	4	270	1
2102	59	210	158	1	1
2103	62	210	158	59	2
2104	210	433	132	29	2
2105	464	469	465	244	2
2106	10	210	211	183	2
2107	53	95	24	6	1
2108	210	157	62	158	2
2109	500	218	3	241	1
2110	234	218	241	3	1
2111	500	218	241	499	2
2112	195	237	32	152	2
2113	235	237	231	1	1
2114	152	105	118	235	2
2115	183	237	152	235	2
2116	118	152	235	10	2
2117	211	105	165	62	2
2118	523	283	196	236	2
2119	102	103	60	114	2
2120	283	296	3	519	1
2121	236	283	196	3	1
2122	283	408	217	415	2
2123	151	442	333	337	2
2124	442	10	283	151	2
2125	380	371	178	382	2
2126	370	379	368	282	2
2127	178	371	372	382	2
2128	372	371	223	7	1
2129	379	3	380	14	1
2130	14	365	532	380	2
2131	3	14	532	380	1
2132	379	371	382	282	2
2133	8	14	532	7	1
2134	3	379	7	14	1
2135	8	14	7	365	1
2136	365	379	380	14	2
2137	300	5	199	190	1
2138	73	2	180	179	1
2139	1	131	29	210	1
2140	165	164	87	2	1
2141	252	254	545	279	2
2142	204	2	471	473	1
2143	103	2	102	60	1
2144	190	5	303	302	1
2145	140	5	311	312	1
2146	190	341	199	300	2
2147	305	190	302	301	2
2148	5	48	6	321	1
2149	190	565	341	198	2
2150	535	190	309	306	2
2151	550	5	137	549	1
2152	11	137	301	549	2
2153	137	300	356	11	2
2154	8	367	4	26	1
2155	367	8	366	26	1
2156	57	192	8	488	1
2157	487	192	488	8	1
2158	391	330	400	91	2
2159	487	192	8	125	1
2160	136	289	100	6	1
2161	192	493	161	35	2
2162	400	544	330	7	1
2163	398	544	7	397	1
2164	400	544	91	330	2
2165	400	391	91	352	2
2166	395	544	331	398	2
2167	391	544	330	91	2
2168	236	442	283	151	2
2169	414	443	188	3	1
2170	3	442	1	443	1
2171	449	443	298	299	2
2172	414	443	3	299	1
2173	298	442	443	1	1
2174	5	387	547	11	1
2175	5	388	450	387	1
2176	448	5	1	7	1
2177	378	444	88	388	2
2178	388	444	450	50	2
2179	301	547	11	549	2
2180	315	446	445	1	1
2181	395	378	356	373	2
2182	547	190	306	305	2
2183	154	232	134	70	2
2184	378	373	547	356	2
2185	447	378	547	88	2
2186	75	547	415	106	2
2187	378	393	326	356	2
2188	17	134	3	36	1
2189	533	5	7	550	1
2190	4	134	536	154	1
2191	234	233	118	217	2
2192	5	533	11	550	1
2193	11	13	549	547	2
2194	371	223	484	331	2
2195	6	492	162	35	1
2196	189	492	427	8	1
2197	6	492	35	8	1
2198	54	492	427	189	2
2199	492	192	167	54	2
2200	5	311	310	295	1
2201	310	535	304	191	2
2202	295	310	309	311	2
2203	134	233	232	3	1
2204	471	525	2	123	1
2205	464	469	249	465	2
2206	123	469	244	557	2
2207	2	83	4	103	1
2208	163	2	43	224	1
2209	559	350	354	356	2
2210	351	355	7	354	1
2211	520	284	3	519	1
2212	231	1	229	3	1
2213	274	97	208	530	2
2214	125	208	272	8	1
2215	224	128	43	163	2
2216	461	466	462	172	2
2217	487	208	429	125	2
2218	558	80	207	205	2
2219	283	284	519	3	1
2220	96	284	3	413	1
2221	520	284	519	413	2
2222	283	284	3	241	1
2223	103	2	60	4	1
2224	103	42	60	114	2
2225	424	79	198	356	2
2226	356	425	358	58	2
2227	385	178	382	380	2
2228	58	355	356	424	2
2229	5	425	7	358	1
2230	356	559	355	354	2
2231	162	565	98	560	2
2232	98	5	7	427	1
2233	560	5	40	55	1
2234	445	444	25	5	1
2235	12	243	526	527	2
2236	368	379	14	7	1
2237	49	276	489	245	2
2238	2	126	4	268	1
2239	12	268	2	418	1
2240	37	243	180	244	2
2241	380	440	26	415	2
2242	176	240	8	441	1
2243	440	142	482	240	2
2244	22	240	452	205	2
2245	206	240	8	239	1
2246	205	240	482	239	2
2247	415	440	174	346	2
2248	26	440	365	366	2
2249	205	558	174	41	2
2250	80	505	558	264	2
2251	558	97	208	207	2
2252	208	558	8	429	1
2253	264	97	207	8	1
2254	205	207	41	8	1
2255	376	478	479	258	2
2256	553	479	376	3	1
2257	178	479	3	376	1
2258	479	377	258	3	1
2259	435	93	433	132	2
2260	29	433	1	432	1
2261	402	383	324	107	2
2262	93	147	132	71	2
2263	2	29	132	433	1
2264	183	433	432	77	2
2265	202	147	23	71	2
2266	107	402	401	4	1
2267	415	383	380	324	2
2268	324	401	402	4	1
2269	26	383	4	532	1
2270	308	5	307	184	1
2271	444	547	447	333	2
2272	547	387	50	11	2
2273	388	5	255	7	1
2274	547	444	50	306	2
2275	450	387	388	50	2
2276	223	7	371	484	1
2277	444	446	315	447	2
2278	505	508	8	265	1
2279	41	207	558	8	1
2280	558	174	41	428	2
2281	428	175	558	174	2
2282	208	558	207	8	1
2283	428	558	429	8	1
2284	198	425	79	424	2
2285	58	424	425	7	1
2286	68	558	505	274	2
2287	198	425	424	7	1
2288	425	5	79	358	1
2289	235	105	118	231	2
2290	1	74	229	3	1
2291	228	229	1	74	1
2292	154	232	3	134	1
2293	228	105	229	165	2
2294	229	227	74	228	2
2295	87	105	227	62	2
2296	290	48	289	75	2
2297	321	5	320	106	1
2298	160	320	48	56	2
2299	292	100	502	468	2
2300	360	362	361	67	2
2301	440	240	452	176	2
2302	440	240	482	174	2
2303	444	446	255	445	2
2304	565	5	55	197	1
2305	425	5	7	198	1
2306	565	162	161	560	2
2307	316	447	315	187	2
2308	190	565	161	341	2
2309	54	565	427	162	2
2310	565	54	161	162	2
2311	299	447	449	3	1
2312	3	446	447	1	1
2313	333	444	52	315	2
2314	361	141	440	8	1
2315	366	141	365	8	1
2316	440	362	141	361	2
2317	521	383	401	4	1
2318	4	401	325	324	1
2319	263	325	4	555	1
2320	521	325	555	4	1
2321	546	325	367	26	2
2322	415	325	4	323	1
2323	4	114	515	439	1
2324	513	515	4	111	1
2325	127	516	111	266	2
2326	127	515	439	513	2
2327	318	5	1	169	1
2328	160	5	1	139	1
2329	5	56	319	317	1
2330	261	5	491	538	1
2331	164	87	130	72	2
2332	82	215	10	102	2
2333	215	82	213	2	1
2334	86	2	179	129	1
2335	213	10	43	224	2
2336	483	338	37	4	1
2337	58	355	7	356	1
2338	351	355	354	356	2
2339	354	143	7	350	1
2340	1	21	113	92	1
2341	178	385	381	380	2
2342	372	382	282	7	1
2343	382	371	372	282	2
2344	3	379	380	382	1
2345	178	385	3	381	1
2346	246	243	2	248	1
2347	3	379	382	7	1
2348	382	372	178	3	1
2349	21	1	147	145	1
2350	115	147	21	177	2
2351	148	147	104	1	1
2352	104	113	147	93	2
2353	76	147	1	145	1
2354	148	147	1	76	1
2355	147	75	23	138	2
2356	147	433	77	434	2
2357	147	28	76	138	2
2358	52	147	75	333	2
2359	2	247	246	202	1
2360	458	468	262	6	1
2361	72	221	156	129	2
2362	179	2	180	84	1
2363	86	131	2	158	1
2364	2	173	277	477	1
2365	244	527	557	2	1
2366	2	419	526	12	1
2367	2	469	557	244	1
2368	2	249	469	465	1
2369	2	71	438	201	1
2370	473	525	123	202	2
2371	2	468	6	329	1
2372	201	203	438	2	1
2373	93	2	71	435	1
2374	92	2	1	115	1
2375	203	438	2	202	1
2376	202	525	248	2	1
2377	248	202	2	246	1
2378	246	243	242	2	1
2379	242	246	2	65	1
2380	557	243	2	527	1
2381	557	243	248	2	1
2382	248	557	2	123	1
2383	437	2	202	247	1
2384	433	2	1	435	1
2385	243	37	126	268	2
2386	469	2	557	470	1
2387	2	470	123	557	1
2388	526	2	527	244	1
2389	418	243	244	12	2
2390	2	115	116	27	1
2391	73	2	543	180	1
2392	12	2	527	526	1
2393	2	228	1	74	1
2394	420	244	526	419	2
2395	173	2	277	465	1
2396	249	2	469	470	1
2397	115	2	116	200	1
2398	289	2	6	136	1
2399	135	2	27	23	1
2400	329	328	2	19	1
2401	177	2	200	71	1
2402	119	82	215	2	1
2403	501	468	262	502	2
2404	2	64	82	102	1
2405	173	460	461	464	2
2406	101	461	6	474	1
2407	423	554	217	256	2
2408	217	415	431	266	2
2409	118	70	227	10	2
2410	264	80	504	8	1
2411	121	166	2	81	1
2412	267	379	14	368	2
2413	365	379	267	380	2
2414	368	379	7	282	1
2415	371	379	370	282	2
2416	379	370	368	267	2
2417	21	113	92	177	2
2418	147	113	21	177	2
2419	113	147	93	177	2
2420	227	232	118	229	2
2421	70	118	217	10	2
2422	235	231	118	3	1
2423	234	233	3	118	1
2424	229	118	231	3	1
2425	234	233	36	3	1
2426	394	393	7	353	1
2427	550	5	7	137	1
2428	261	288	61	538	2
2429	417	304	51	535	2
2430	2	86	157	129	1
2431	72	157	2	62	1
2432	570	442	1	297	1
2433	234	36	554	3	1
2434	442	414	519	283	2
2435	442	151	297	337	2
2436	283	296	519	442	2
2437	298	442	1	570	1
2438	217	554	36	3	1
2439	423	554	218	217	2
2440	179	157	86	222	2
2441	87	72	62	10	2
2442	72	164	2	163	1
2443	163	128	2	72	1
2444	221	157	129	72	2
2445	156	128	2	10	1
2446	87	72	10	130	2
2447	4	422	278	514	1
2448	512	4	278	514	1
2449	127	278	340	514	2
2450	127	278	512	340	2
2451	340	278	4	421	1
2452	287	278	422	415	2
2453	317	320	319	106	2
2454	320	5	56	319	1
2455	320	290	75	48	2
2456	320	5	319	106	1
2457	169	5	294	140	1
2458	344	345	343	488	2
2459	140	320	75	317	2
2460	346	345	7	90	1
2461	343	345	90	7	1
2462	57	345	343	167	2
2463	345	192	167	57	2
2464	346	348	345	167	2
2465	354	391	352	7	1
2466	91	391	398	7	1
2467	350	391	352	354	2
2468	354	391	7	351	1
2469	395	391	398	330	2
2470	391	346	392	356	2
2471	67	363	7	330	1
2472	297	296	196	442	2
2473	188	296	442	519	2
2474	283	296	196	3	1
2475	1	296	442	3	1
2476	188	296	519	3	1
2477	178	408	478	376	2
2478	85	406	408	3	1
2479	415	408	404	403	2
2480	405	4	3	406	1
2481	257	408	66	3	1
2482	209	405	404	407	2
2483	409	408	66	257	2
2484	257	408	3	423	1
2485	333	335	1	334	1
2486	335	333	186	99	2
2487	335	186	316	99	2
2488	333	335	334	99	2
2489	138	534	168	169	2
2490	371	346	330	440	2
2491	75	139	160	159	2
2492	139	75	318	138	2
2493	5	160	56	139	1
2494	5	446	255	1	1
2495	444	315	25	308	2
2496	255	444	450	388	2
2497	314	5	25	308	1
2498	547	5	306	50	1
2499	357	358	58	356	2
2500	356	58	357	7	1
2501	356	540	357	220	2
2502	358	357	58	7	1
2503	357	540	39	7	1
2504	106	5	313	490	1
2505	556	5	6	69	1
2506	3	446	448	447	1
2507	490	535	313	106	2
2508	386	220	533	7	1
2509	252	80	251	253	2
2510	533	5	387	7	1
2511	550	533	220	7	1
2512	130	164	163	2	1
2513	387	5	547	50	1
2514	20	322	268	2	1
2515	124	53	271	24	2
2516	322	528	2	122	1
2517	4	268	418	2	1
2518	122	268	528	12	2
2519	418	126	37	268	2
2520	418	243	37	244	2
2521	124	53	6	8	1
2522	562	124	35	133	2
2523	133	24	493	6	1
2524	155	124	35	8	1
2525	155	53	271	125	2
2526	155	24	124	271	2
2527	3	118	233	232	1
2528	561	511	373	374	2
2529	375	285	399	567	2
2530	567	399	375	3	1
2531	30	375	567	485	2
2532	481	375	399	3	1
2533	30	375	485	3	1
2534	561	375	567	30	2
2535	231	1	105	229	1
2536	235	105	231	237	2
2537	228	105	165	1	1
2538	59	105	1	165	1
2539	87	105	165	229	2
2540	228	105	1	229	1
2541	237	105	1	152	1
2542	227	105	229	118	2
2543	332	150	327	193	2
2544	53	95	6	273	1
2545	333	150	1	332	1
2546	399	390	567	88	2
2547	274	24	493	125	2
2548	24	274	272	125	2
2549	53	124	271	8	1
2550	155	53	125	24	2
2551	378	390	7	389	1
2552	567	378	7	374	1
2553	378	11	384	356	2
2554	171	453	6	293	1
2555	566	453	45	293	2
2556	509	453	6	170	1
2557	457	453	454	171	2
2558	354	143	355	7	1
2559	143	349	7	348	1
2560	2	329	19	473	1
2561	328	468	100	75	2
2562	356	559	424	355	2
2563	144	4	338	280	1
2564	280	339	37	338	2
2565	280	339	338	144	2
2566	281	338	4	280	1
2567	37	339	4	338	1
2568	338	281	483	37	2
2569	308	444	307	25	2
2570	5	69	416	61	1
2571	549	5	301	13	1
2572	161	5	560	162	1
2573	31	110	108	341	2
2574	565	108	161	341	2
2575	535	108	341	161	2
2576	106	108	417	535	2
2577	5	288	490	491	1
2578	291	491	106	261	2
2579	61	5	288	416	1
2580	291	491	261	6	1
2581	556	5	69	161	1
2582	288	5	417	416	1
2583	482	80	269	279	2
2584	172	466	462	6	1
2585	80	482	205	15	2
2586	80	269	251	206	2
2587	466	506	426	505	2
2588	415	466	15	244	2
2589	466	415	468	244	2
2590	4	405	209	406	1
2591	406	405	408	3	1
2592	4	475	404	3	1
2593	153	225	216	2	1
2594	225	214	216	2	1
2595	153	225	2	226	1
2596	245	2	420	277	1
2597	419	420	245	2	1
2598	465	420	2	277	1
2599	167	348	7	54	1
2600	356	348	350	346	2
2601	356	559	348	198	2
2602	350	348	7	347	1
2603	346	348	350	345	2
2604	356	348	346	161	2
2605	289	503	100	6	1
2606	2	100	501	6	1
2607	468	328	473	27	2
2608	119	82	2	64	1
2609	75	328	27	136	2
2610	10	82	213	215	2
2611	119	82	64	215	2
2612	72	157	156	2	1
2613	221	2	156	129	1
2614	10	156	221	2	1
2615	156	157	129	2	1
2616	404	3	475	405	1
2617	403	404	475	405	2
2618	66	475	403	3	1
2619	402	475	3	403	1
2620	66	475	3	405	1
2621	4	475	3	402	1
2622	324	475	404	402	2
2623	88	390	567	378	2
2624	7	389	390	88	1
2625	323	546	415	325	2
2626	378	390	567	7	1
2627	390	3	399	567	1
2628	18	169	168	1	1
2629	63	168	18	138	2
2630	534	138	318	169	2
2631	63	168	138	1	1
2632	169	534	1	318	1
2633	216	214	102	2	1
2634	43	214	2	213	1
2635	10	214	213	82	2
2636	12	268	528	2	1
2637	225	214	2	224	1
2638	43	214	213	224	2
2639	214	225	102	10	2
2640	322	528	268	2	1
2641	527	528	122	2	1
2642	552	42	439	126	2
2643	159	23	34	1	1
2644	139	34	159	138	2
2645	33	34	23	1	1
2646	139	34	138	1	1
2647	34	28	33	23	2
2648	23	146	28	138	2
2649	454	460	101	461	2
2650	466	460	464	468	2
2651	459	460	2	6	1
2652	249	460	464	2	1
2653	460	459	101	6	1
2654	249	460	2	472	1
2655	461	460	101	6	1
2656	125	175	488	558	2
2657	470	460	204	123	2
2658	466	460	468	454	2
2659	460	466	461	454	2
2660	74	232	229	3	1
2661	232	227	74	229	2
2662	428	175	430	8	1
2663	488	8	175	487	1
2664	344	175	488	8	1
2665	429	175	8	487	1
2666	174	175	558	488	2
2667	156	128	72	2	1
2668	43	2	128	10	1
2669	163	128	43	2	1
2670	224	128	163	10	2
2671	544	330	331	398	2
2672	391	544	91	398	2
2673	397	331	544	7	1
2674	398	544	91	7	1
2675	330	544	331	7	1
2676	391	544	398	330	2
2677	361	360	8	451	1
2678	65	166	81	2	1
2679	8	359	360	67	1
2680	359	542	8	360	1
2681	440	360	451	78	2
2682	346	360	359	362	2
2683	360	346	440	362	2
2684	81	166	242	122	2
2685	121	166	81	322	2
2686	65	166	2	242	1
2687	166	81	322	122	2
2688	89	545	252	4	1
2689	254	4	545	279	1
2690	8	545	254	4	1
2691	89	545	4	279	1
2692	253	545	254	8	1
2693	4	144	339	340	1
2694	127	339	4	496	1
2695	340	339	127	37	2
2696	339	280	37	340	2
2697	340	339	512	127	2
2698	339	37	496	127	2
2699	5	314	1	52	1
2700	88	446	448	255	2
2701	60	120	119	121	2
2702	84	120	119	2	1
2703	60	120	121	2	1
2704	64	120	119	60	2
2705	98	349	7	198	1
2706	6	276	477	2	1
2707	4	276	2	489	1
2708	245	276	489	2	1
2709	8	276	2	4	1
2710	4	276	489	275	1
2711	277	276	477	245	2
2712	7	348	349	54	1
2713	198	559	349	7	1
2714	565	349	198	54	2
2715	198	559	7	424	1
2716	565	349	54	98	2
2717	201	19	2	116	1
2718	267	362	363	7	1
2719	468	328	27	75	2
2720	201	328	473	19	2
2721	203	19	2	201	1
2722	501	328	329	468	2
2723	110	417	416	69	2
2724	261	5	6	491	1
2725	417	110	108	69	2
2726	69	5	108	161	1
2727	317	5	312	319	1
2728	565	5	560	55	1
2729	110	31	9	341	2
2730	288	106	491	537	2
2731	158	157	2	86	1
2732	157	73	86	158	2
2733	51	288	417	490	2
2734	106	288	491	490	2
2735	538	5	61	6	1
2736	537	288	61	261	2
2737	129	157	156	72	2
2738	222	157	86	129	2
2739	157	221	10	72	2
2740	157	132	210	10	2
2741	73	157	86	179	2
2742	6	53	273	8	1
2743	272	53	271	8	1
2744	274	53	24	272	2
2745	126	60	114	102	2
2746	2	126	268	20	1
2747	10	126	37	127	2
2748	418	126	268	4	1
2749	2	126	20	4	1
2750	552	42	126	4	1
2751	418	126	4	37	1
2752	60	126	119	102	2
2753	515	126	127	439	2
2754	515	126	439	114	2
2755	558	97	207	530	2
2756	180	126	37	119	2
2757	272	97	8	208	1
2758	558	97	530	208	2
2759	508	97	530	264	2
2760	273	97	8	272	1
2761	274	97	530	272	2
2762	7	220	540	386	1
2763	396	540	7	39	1
2764	356	540	11	384	2
2765	550	540	220	11	2
2766	540	356	39	384	2
2767	11	540	220	386	2
2768	356	540	39	357	2
2769	384	540	386	396	2
2770	169	534	168	1	1
2771	139	1	534	318	1
2772	138	534	139	1	1
2773	369	263	546	4	1
2774	323	546	529	415	2
2775	529	546	263	4	1
2776	269	546	270	4	1
2777	350	559	143	348	2
2778	54	559	198	348	2
2779	178	385	382	3	1
2780	2	123	525	248	1
2781	202	525	2	203	1
2782	471	525	203	2	1
2783	525	243	202	248	2
2784	473	525	203	471	2
2785	387	94	388	11	2
2786	387	388	50	11	2
2787	291	5	6	321	1
2788	387	386	94	11	2
2789	386	387	533	11	2
2790	165	164	2	62	1
2791	72	164	62	2	1
2792	130	164	2	87	1
2793	165	164	62	87	2
2794	116	328	19	2	1
2795	329	328	501	2	1
2796	100	328	136	2	1
2797	274	95	273	6	1
2798	494	6	95	510	1
2799	24	95	494	6	1
2800	68	95	6	510	1
2801	95	274	273	53	2
2802	233	234	554	217	2
2803	233	554	36	217	2
2804	536	233	134	17	2
2805	78	542	360	8	1
2806	393	395	326	356	2
2807	90	8	542	344	1
2808	359	542	90	8	1
2809	86	131	158	73	2
2810	518	516	266	111	2
2811	157	131	158	210	2
2812	86	131	73	2	1
2813	132	131	29	2	1
2814	210	131	158	2	1
2815	157	131	210	73	2
2816	553	485	377	3	1
2817	377	376	412	485	2
2818	412	377	485	3	1
2819	258	377	411	3	1
2820	377	376	553	479	2
2821	535	304	5	47	1
2822	517	516	111	4	1
2823	114	516	266	4	1
2824	518	516	111	517	2
2825	70	516	266	114	2
2826	5	51	304	535	1
2827	5	490	535	313	1
2828	313	535	5	47	1
2829	5	312	313	47	1
2830	5	312	47	311	1
2831	310	47	5	304	1
2832	310	304	5	191	1
2833	191	304	5	303	1
2834	303	304	5	16	1
2835	5	110	341	16	1
2836	5	538	288	491	1
2837	425	5	198	79	1
2838	5	190	16	341	1
2839	5	199	341	9	1
2840	5	302	191	303	1
2841	5	13	306	305	1
2842	315	444	25	445	2
2843	5	547	306	13	1
2844	5	295	310	309	1
2845	5	295	309	184	1
2846	547	444	447	88	2
2847	309	310	5	191	1
2848	309	191	5	305	1
2849	309	305	5	184	1
2850	184	305	5	306	1
2851	197	5	9	199	1
2852	5	288	51	490	1
2853	5	51	535	490	1
2854	312	5	313	319	1
2855	294	5	1	52	1
2856	5	69	110	416	1
2857	5	190	303	16	1
2858	302	5	305	13	1
2859	306	5	307	50	1
2860	139	5	1	318	1
2861	5	98	560	427	1
2862	301	5	190	302	1
2863	199	5	341	190	1
2864	491	5	106	490	1
2865	139	5	317	56	1
2866	75	5	1	160	1
2867	5	75	6	48	1
2868	255	444	5	450	1
2869	362	371	267	330	2
2870	122	243	2	242	1
2871	123	243	248	557	2
2872	292	503	290	6	1
2873	100	6	503	502	1
2874	290	100	503	502	2
2875	289	503	290	100	2
2876	292	503	6	502	1
2877	146	76	145	28	2
2878	138	34	146	1	1
2879	146	138	76	28	2
2880	33	146	34	1	1
2881	76	146	145	1	1
2882	33	146	1	28	1
2883	114	4	42	439	1
2884	103	42	114	4	1
2885	552	42	4	439	1
2886	2	42	20	60	1
2887	103	42	4	60	1
2888	70	83	103	4	1
2889	153	83	4	2	1
2890	70	83	154	153	2
2891	102	83	103	70	2
2892	70	83	4	154	1
