1 2892
2118	560	1716	1130
2221	2211	1277	2220
1388	305	1900	2726
1359	2496	2177	1925
2543	1180	141	2052
1914	1022	2484	1049
86	1833	1867	1421
191	1218	76	317
2152	1340	2037	2151
647	1224	1415	335
2657	106	334	1878
2286	1446	171	1251
2124	419	119	907
1181	724	1165	201
1197	310	894	1171
518	833	1933	2093
2180	1187	1607	2086
969	52	1968	423
1334	772	178	811
123	1489	2729	1478
1409	1865	2534	1438
2303	2868	1637	2234
1435	234	751	27
368	2418	2349	2340
2557	2554	1976	170
98	853	2362	1295
976	1092	751	23
42	743	2217	1203
1878	494	1518	1649
472	2176	552	2494
409	335	1296	1226
1324	2141	1307	1526
2133	982	0	947
314	432	525	748
1344	1844	1642	1841
2249	2218	2254	2279
951	158	953	728
677	2755	145	921
2429	1243	1385	1349
716	454	1032	1822
2503	2501	1425	2762
2656	1147	28	743
869	754	918	302
1128	2459	174	1758
1732	1755	505	1144
57	285	535	330
1961	1629	1806	2750
1237	2011	1341	1827
958	2356	1514	580
831	1183	1337	1333
1093	976	299	938
1309	18	939	1314
1228	1204	1229	1592
1143	1164	1083	2092
2597	707	1788	1789
1480	531	68	2872
139	763	46	332
2815	121	378	609
269	1315	2691	1270
198	1491	1035	1021
1938	2190	1930	238
1739	1357	999	2406
2097	248	1278	214
2217	1561	2159	2214
2013	2789	2508	2510
240	670	1692	505
2882	2877	522	2881
531	332	390	56
2166	534	1934	2163
180	2233	1063	1478
2458	972	2461	974
1331	1249	1393	911
154	699	1095	2656
1727	475	1550	118
424	2783	2370	653
994	995	8	2186
1723	1170	189	1601
1381	1073	506	1585
2028	2241	942	2248
2474	2436	2472	1175
1366	318	1611	719
167	1273	229	1764
2155	861	2248	2315
2562	1069	567	2715
303	1869	2840	304
2288	1871	7	1870
1418	2652	2205	2368
2569	1445	94	2234
549	2313	1805	1608
812	1672	2028	1967
2722	2607	2043	2015
336	731	1965	2262
143	2373	1109	1177
1832	949	2859	88
395	260	1578	803
2385	648	1956	164
2557	485	254	2554
26	2678	934	1404
250	284	299	756
1578	227	1195	584
1973	1851	1021	1035
741	554	1028	1030
1948	159	374	1947
911	264	1428	1244
1670	1671	2079	1664
1667	11	711	1827
2477	961	324	736
1924	2553	480	2184
2637	2639	895	1650
901	703	289	2052
1614	2266	2024	2317
1579	196	127	813
2657	1877	128	515
418	1665	1671	2118
1003	2869	1982	2718
823	1804	320	1622
310	2046	1577	1237
2080	804	74	725
13	1601	427	624
2186	1604	823	810
2139	58	2104	2813
295	950	957	215
2835	20	2729	2839
2044	1912	1204	1846
1874	782	290	2149
1672	1040	325	2241
112	201	813	1227
266	515	113	2396
637	1894	1763	1897
371	1236	1940	1569
2421	2116	1908	839
2227	2344	1422	2779
289	767	765	1757
2787	275	1484	2297
1978	2089	838	2196
2137	980	442	2862
762	228	2011	744
1754	1419	1645	1581
57	345	1981	531
529	1301	806	2304
1169	1179	703	5
668	1774	224	1521
2373	578	93	1103
748	1521	1733	680
921	38	1892	570
1541	1064	1628	1540
1301	1339	2851	1866
2557	485	1362	1454
1171	877	1688	1055
829	1929	1933	833
1578	226	2629	618
1635	2752	2701	1963
2415	1675	1725	1517
169	73	521	922
667	1730	1781	897
1969	2315	2248	969
1823	2721	1824	2560
727	37	289	1825
103	1948	404	272
1586	2532	460	2529
1674	1768	1272	1591
1719	941	2094	1005
763	285	760	866
1117	1632	1956	96
2611	1321	730	1318
747	1418	542	1740
82	638	970	1738
2587	1248	507	1682
699	154	1200	1458
2556	1362	1989	25
2250	462	1145	12
218	2759	1610	319
1892	2278	1306	218
44	2492	1467	227
2761	2213	366	2757
1912	1380	1531	2482
1406	1405	650	2359
19	811	256	324
1903	2064	2071	2736
70	1546	1489	1960
1240	1388	320	810
2475	1129	1260	2474
776	779	353	2578
2509	1072	563	822
493	741	737	2817
1472	602	1857	2108
1463	2590	1462	2482
2347	2342	2132	2414
2740	2106	1662	77
1142	2870	2641	2380
1334	8	859	787
1052	1632	1918	1917
302	754	300	1447
360	1816	1639	2764
1074	2263	2260	2384
1225	1152	1261	112
1548	1063	2233	2728
315	1491	60	2483
1283	1643	1646	1027
1117	445	574	2870
127	14	1165	1219
1015	441	2194	1016
600	2117	2051	533
393	278	2199	2599
1786	274	262	1394
2051	478	2114	2116
1915	2122	804	1914
2825	1080	1799	1798
1975	215	330	1976
284	2462	746	2458
886	326	1037	2267
2853	268	2429	2733
1241	2292	691	2660
2158	63	1278	373
998	122	285	209
2025	1910	555	1909
495	1734	355	232
2759	172	173	2253
1704	2201	2831	2821
853	2702	1295	569
1059	719	1666	1636
605	224	904	1521
465	1786	1992	801
2243	1736	222	142
910	748	908	1328
391	293	1578	151
2355	100	174	954
1419	2047	137	2004
2588	1247	82	1738
2643	1160	526	231
1088	2399	1880	230
2181	256	217	258
2513	2175	2275	1832
2805	745	23	2807
784	1302	2012	2075
2342	2348	715	2347
2469	2099	355	2097
2804	2188	1930	61
2871	653	2206	1630
1057	878	66	670
393	278	2604	787
750	286	465	1655
2270	952	612	551
785	1119	2105	1742
527	1199	412	1628
1213	1363	259	1018
2367	2368	1280	2105
1344	1931	63	351
2405	1741	1247	2650
2463	99	393	2464
1599	1815	1436	1852
278	448	499	2161
2019	1228	1811	846
97	309	329	2554
2214	2743	1985	430
426	232	178	814
2059	566	2670	575
355	232	2470	829
246	1375	981	1361
1601	95	1181	1659
2494	1637	1859	2180
1446	922	205	2286
1932	1934	1017	2093
754	300	104	1428
609	1157	1110	1058
2206	128	2387	2386
1122	1599	1815	276
2507	212	1389	2576
1272	1268	59	1270
519	2389	774	2235
970	1402	924	1794
331	322	404	159
739	1288	1185	459
1395	801	205	1331
134	1777	2578	2864
790	1197	2589	267
2512	2331	2442	566
204	241	252	528
1785	333	298	2528
673	2244	1692	1120
337	2476	557	2211
752	867	367	2774
2650	1247	711	2589
99	2463	2156	210
163	46	215	1747
242	750	1991	819
2199	1459	516	1983
967	2722	2561	2010
158	133	110	728
784	2149	125	2146
2576	2575	1386	1597
845	2588	920	742
379	226	582	2357
2265	1572	1143	538
950	122	997	1974
749	1965	926	1580
1151	1150	1390	319
1009	1862	1863	279
1200	699	51	99
1249	193	264	911
573	2444	1594	2738
43	193	1148	1251
1869	2147	85	2144
85	2858	2848	2840
2576	3	2725	1387
1873	1339	364	782
1167	2002	623	622
2115	1194	427	598
346	254	390	1453
790	15	1170	117
2245	1653	675	2246
619	803	768	395
2058	889	1923	594
34	372	1437	709
961	198	1113	1888
2739	1472	2441	2431
1457	1900	1199	8
2186	805	81	877
1426	2760	297	172
181	386	116	1623
745	832	2680	1432
272	331	349	825
1643	2599	891	1027
1040	178	814	107
326	963	961	126
325	960	211	1113
824	500	1276	2221
2369	2401	1118	1164
330	1975	254	332
2557	46	209	329
322	272	646	348
57	370	329	68
1585	809	279	1862
11	1827	470	2043
31	409	10	2106
731	92	1420	2265
557	1276	1131	281
2704	971	1474	2703
1346	1608	1828	1817
1857	564	2048	2103
2605	2875	1780	2872
1484	1476	778	350
871	2453	2329	2454
2673	1029	1014	993
535	139	1476	1633
1950	348	309	1948
2277	1359	2846	1365
1451	331	1455	346
778	1456	350	322
1486	1483	349	342
1279	2603	248	388
528	780	2714	2778
383	1456	380	183
2301	2302	676	878
217	258	2097	237
1358	1641	2176	0
1381	1073	1440	984
722	834	1698	2135
705	2037	2571	2193
1816	194	864	2769
434	1623	2145	1621
1088	1751	1126	0
476	2545	2485	621
1301	782	1300	306
1059	2435	1132	1139
175	1705	2548	2214
282	2774	683	798
579	2352	2351	24
560	1129	418	596
332	763	510	1482
2804	130	1937	2078
923	723	314	920
214	1344	1841	2165
1483	1480	103	380
1931	1842	2209	2467
984	1370	741	987
1411	1413	493	1820
2813	58	572	2812
1721	293	581	2354
353	2580	374	1947
1947	383	775	1949
1519	866	1520	874
381	1947	353	825
1101	1398	1071	436
1942	1994	1993	1051
2150	320	1621	1622
1594	2334	1525	481
351	2460	1843	1481
2009	1940	2183	2203
1948	68	404	309
1123	226	394	1721
716	1172	736	1366
241	204	250	2464
391	1721	617	615
95	1055	312	1471
1663	732	1085	538
758	975	1617	1433
1908	2408	1600	794
1786	1396	1988	1782
2258	2820	2256	2816
2022	2412	939	722
1354	1075	928	1291
1414	2774	682	2775
390	272	1486	159
676	2244	1692	1308
2137	1042	2851	1866
600	1416	601	2538
654	789	900	710
335	31	1417	1855
1872	468	435	1336
480	2014	442	2179
2069	1904	245	1787
2030	1537	1627	2029
1053	1266	2160	457
888	1539	2318	2018
1734	2023	814	1317
1822	1821	1819	2819
1259	369	114	1671
13	1234	1908	2006
1647	1473	571	856
491	2435	2002	1099
2074	2068	1358	2624
18	1698	1968	2315
2783	75	2780	2871
449	1061	2437	2033
1221	811	256	2184
1579	308	907	119
899	2053	498	2029
571	604	1525	2362
2525	1681	255	2743
2372	2004	2375	764
923	1773	2585	34
2095	1085	2647	2085
361	1837	1704	2830
1872	410	847	2848
384	2706	1813	1793
631	1854	2693	641
1374	986	1860	649
2806	1929	1011	826
1820	1413	1410	1332
495	202	2091	937
411	979	706	136
1371	2027	662	1373
1461	1493	687	1111
650	200	2378	933
1211	1212	2524	2526
1542	1997	2523	1953
1987	2199	252	499
2036	1173	425	2033
2132	1673	2125	2344
2232	836	520	1703
2253	2282	2251	2757
1605	2842	2180	1859
1038	40	1819	1507
2620	2618	1913	2617
1015	1377	1008	2128
2398	1751	414	1159
752	1437	1272	908
1289	1245	1886	273
948	981	160	1202
948	1028	556	1586
2218	171	1559	2585
467	761	1355	1989
2216	2659	957	467
223	242	841	1330
2203	1048	2188	2425
464	750	463	1355
978	410	2150	847
1872	1869	2833	788
334	1826	2007	2142
2858	2571	2862	1338
2176	30	2074	2273
2402	2702	856	1652
1515	1107	1714	2384
1532	74	725	1726
1999	613	2032	363
2080	1448	1530	2439
852	206	2409	2542
830	1081	492	2514
2012	411	979	108
2738	2440	2334	387
1080	2325	2019	1972
2440	1058	2741	604
2229	2226	2502	2285
97	148	1453	2555
1593	1502	1168	2810
2162	2164	2096	2674
1182	620	1183	2766
2243	897	1653	605
685	886	2261	1909
421	2001	559	698
2703	2886	1635	479
1372	1370	185	377
29	2043	2042	2371
1015	441	217	1734
1017	1015	1012	1008
1899	2555	1954	1511
1627	1904	1065	428
770	837	252	448
327	824	1106	1084
2328	1045	585	2491
596	623	1259	663
2814	607	2102	1294
789	2393	896	1927
1732	66	1120	45
1860	1409	78	1585
818	168	1105	1244
1812	1287	2568	635
2556	1511	1396	1362
1002	370	760	2360
910	2101	2776	906
1882	1229	1592	645
1981	2299	1001	2874
1774	723	2241	889
1313	1667	128	113
2054	287	773	1677
2063	2084	0	2089
2099	16	1282	2466
270	2235	2388	1630
2716	2705	451	2712
154	2161	1392	1702
67	2349	1663	1006
2327	2457	1756	2855
1640	1269	2076	2072
2585	2583	1564	34
230	1160	1045	1088
1905	245	828	1064
780	352	2310	278
1300	140	1478	1063
541	2000	1128	1252
1486	139	68	56
2438	2407	1552	593
647	1472	203	2051
69	2166	1016	2673
1748	345	46	1454
2173	1258	1137	2171
1047	1233	1025	1265
294	2350	1085	396
2357	1663	2877	2353
2881	2879	582	2878
2493	586	530	2000
1357	166	996	2405
1889	816	2854	1838
2865	2860	1758	586
2145	1758	1836	2727
1759	1830	2202	1136
1495	929	789	930
953	951	2457	587
89	1796	1464	1802
894	744	2719	1158
588	2569	243	949
2700	2494	30	1641
2307	1609	1061	1612
716	824	102	1322
2025	940	216	1422
1216	1217	2172	461
1277	337	2169	281
1724	1260	1235	598
491	596	698	2432
1	2118	369	1175
2290	691	927	0
2542	2289	2424	2535
1325	1323	2509	184
340	1857	1416	601
1003	2471	1708	2718
257	2059	884	277
2228	2337	2285	84
945	2614	740	1648
220	2701	1963	1769
2759	2253	145	2755
1295	420	856	429
873	378	1110	2391
2739	301	1648	1077
1117	200	934	2684
1297	2670	2443	257
1576	2356	1515	958
1514	958	579	1107
926	2005	143	1177
2352	368	577	941
49	1123	614	1660
2354	379	617	582
581	293	2631	540
2631	2629	618	2628
953	1467	1470	100
2646	2644	501	2643
2865	544	1128	541
548	1136	1759	1351
1348	1346	872	551
1893	1830	612	2845
2031	2487	2033	1466
1158	2609	1159	628
1699	2301	2242	1144
1555	664	1156	532
1534	313	888	1538
2682	2300	757	2679
559	663	502	369
2835	2067	1349	808
2113	308	558	2079
2539	2295	2117	2793
203	407	1415	2541
2102	564	407	1855
186	1472	2106	2740
1635	1052	830	2746
1058	483	429	2138
904	1733	489	222
2334	2812	2138	2741
2139	1074	503	2814
2399	2085	1143	2390
2740	265	58	2815
2684	1316	2870	2686
2539	2295	900	2542
589	243	2038	872
476	769	768	766
580	1514	1327	1668
616	394	617	1327
1720	615	1179	1668
615	394	618	581
617	151	703	583
312	901	1825	766
2187	1305	2553	488
1180	1999	1998	363
1998	307	623	698
622	307	1155	502
647	2116	2115	119
1165	2003	1155	1180
2086	988	1612	1137
1733	1735	1676	1653
1161	2399	1159	591
2565	2696	1768	2693
2568	2566	635	2336
2100	437	2451	643
2567	2565	2563	2693
2698	2567	1961	2694
1121	2389	712	2239
508	707	630	1788
915	774	651	2366
1762	1444	1765	129
970	1894	1403	167
1765	1762	815	2689
2098	1674	2101	1775
437	879	1766	1315
867	2098	683	2055
2100	631	1231	2098
2752	1574	730	1964
512	1114	1582	1883
1455	1453	331	1509
2106	533	10	624
2385	2240	2756	96
1863	2528	438	1012
445	1013	177	912
2239	655	636	2366
1812	1287	915	2520
75	1013	1341	239
2393	408	2049	658
855	707	1287	651
2886	1634	2223	2887
2657	1877	795	1879
2140	1596	2049	654
2177	1640	2073	2068
2183	1940	1935	2190
2536	2541	2113	2535
1373	2348	443	2257
1099	1716	502	596
593	1448	2110	2433
1461	666	1207	2590
1111	1112	665	2590
1699	1736	1781	155
1773	723	2302	142
1039	1640	1818	1924
1691	751	240	66
697	1558	2319	696
1682	1352	1477	1447
1201	280	1690	2245
1733	1657	680	1709
1772	2246	1326	311
1304	354	405	2244
38	1556	2286	1429
1427	679	1706	1275
678	1400	1710	1397
2776	144	674	2773
1521	2017	1558	2773
2056	403	683	2775
682	367	1847	642
2269	1056	947	2024
2622	1616	490	2619
2771	2630	2492	2772
444	1593	882	883
1504	883	1461	1205
690	1937	721	1930
1569	689	1568	1935
213	1938	1926	561
2745	1635	1076	1631
858	1574	1595	931
721	1233	882	1025
2058	696	700	2154
695	1536	2320	671
2017	1536	671	2319
491	559	622	2034
169	73	2666	299
1923	2269	695	2317
1434	2679	975	1708
2597	2394	2366	1497
110	1169	618	141
1173	1805	1609	1208
359	2174	2193	2843
980	2153	442	2152
655	855	635	55
2085	1880	1184	2374
1442	1764	314	1437
928	408	1075	1495
2008	106	2650	283
634	1632	2518	1729
2298	2455	1250	1252
1886	1049	2082	2484
1374	986	236	1373
392	554	741	40
1527	1910	1971	1020
1913	1888	1911	2483
221	1688	1174	81
2269	1533	942	1056
689	694	902	1041
834	358	939	401
668	372	2247	514
14	1181	1179	1661
118	2006	475	839
2516	2640	1917	2518
158	1825	767	1796
2628	37	289	1756
1598	1075	1495	2595
165	2332	1473	644
92	336	749	1577
396	2357	2648	2355
1360	959	1358	2624
2383	1086	2375	1420
2825	1080	2325	858
1038	107	392	1915
2818	1026	1030	185
2818	1822	1032	2819
863	792	2111	273
1594	568	1648	1652
716	102	376	185
819	292	1446	1251
1678	42	28	2665
2011	550	137	2607
234	2805	1432	321
1658	1679	210	2458
2651	996	166	2652
144	225	2583	34
296	731	2383	1406
286	242	1989	467
1500	23	670	27
1437	458	1591	282
1286	1795	1119	968
43	869	264	193
2135	2133	861	2130
2458	972	1093	99
595	2682	758	1312
975	397	1312	757
962	2257	1020	1146
866	163	510	998
1000	950	463	999
2047	137	2265	1143
946	57	370	163
1420	2047	2369	431
2545	1802	133	767
2545	613	619	2543
727	1796	765	133
2003	613	312	2123
1999	613	1180	2003
837	499	2310	1978
1703	773	2599	891
19	1334	2604	2012
771	1198	1983	516
636	915	2389	270
964	381	821	777
1946	2730	183	2578
2736	2428	775	1271
349	1457	342	779
778	1936	183	1456
352	528	1302	2075
2230	1424	2558	1069
125	1874	306	364
1549	2837	1298	1042
235	290	1875	979
2598	1280	244	1286
2308	1240	2575	978
2161	1200	191	241
978	469	977	807
408	504	896	547
276	310	1122	1237
2891	2890	1683	1595
1530	1267	739	804
2697	2694	1809	1856
1569	398	2421	858
657	1878	1518	1750
1808	1625	2885	1806
1459	2083	2054	2196
1284	1845	1847	367
1544	2705	1545	903
2159	1702	1985	2054
2798	274	2800	223
1297	2614	2739	2361
1169	312	95	1181
118	792	1031	207
318	1604	1449	2358
2851	2304	1478	140
2857	788	2838	977
2835	597	1243	1597
2181	983	1785	333
1218	120	181	1868
1366	19	178	426
1673	90	1309	2869
1261	1155	127	112
256	416	324	1371
1400	1790	639	1896
2453	543	1836	2727
2373	1719	2401	1722
2587	507	1712	869
1748	742	1991	286
1689	2509	1654	2586
2330	2724	775	2735
184	1563	1310	1562
1804	116	120	1604
500	327	554	2220
1949	322	383	1456
1305	439	1007	1391
1995	1952	1542	1990
2069	527	1627	1990
150	2806	258	1183
603	1917	479	2514
1933	1183	50	905
2807	321	1431	2808
2099	1934	150	16
358	722	1311	2236
2063	2861	1547	2572
2309	2088	451	2716
499	770	899	2195
2197	2195	2089	135
1238	2191	725	131
2754	2753	1799	1367
2800	1330	465	1655
1669	1099	1716	1579
1848	1506	1850	1886
1771	1853	1231	2100
2589	292	994	1748
253	1505	985	2324
2201	990	435	468
1006	2095	2882	1184
2882	2880	2647	850
1193	2648	2647	849
1810	1246	1740	1813
2051	478	898	2295
2702	220	26	1769
2668	2634	2335	945
707	655	1957	2517
473	1652	571	420
2722	2403	1264	1731
735	1600	794	693
191	2247	1200	920
1666	1131	1715	2169
942	1713	755	83
1248	2587	1501	1251
1185	1031	1096	739
1587	1383	2013	360
2711	1557	2596	2708
163	382	760	2360
282	1775	642	2055
1793	1791	1403	2237
754	43	818	2587
1101	2237	1794	2710
1252	2459	1128	343
588	1622	612	1830
926	572	936	1124
1520	382	1977	2653
1928	1294	2048	1596
2483	1848	1849	1850
149	1171	318	2358
354	938	240	1057
1315	1854	641	1268
2209	2601	2600	2777
1800	1592	1206	1504
687	694	1493	1205
1205	1800	688	687
1293	2512	2208	566
2320	1539	2317	2318
2025	211	490	2026
2562	2601	2715	2225
1539	415	594	1538
2625	2321	313	514
1090	893	1644	2462
893	1089	323	771
1434	974	1089	2461
1090	891	890	1677
2046	15	2355	550
1293	1291	2059	109
789	504	2294	1102
489	1699	2242	155
2441	1498	2295	852
2021	1628	428	837
611	2294	408	1078
110	1169	2543	619
1168	1233	721	1937
2305	1549	799	1544
1730	222	1709	605
831	2763	1566	1182
1657	1328	511	2688
13	2168	1532	427
225	458	1775	1272
2583	1564	1526	1689
1775	225	511	2776
300	1447	104	72
650	2783	2377	2346
2566	2568	1807	2564
2515	2521	1163	2107
774	636	652	2394
2218	2250	1685	921
1072	1427	1687	1066
2278	1303	43	1712
1391	1007	1383	1566
292	1458	372	859
916	2250	145	38
154	262	1705	2547
1773	432	1559	372
1248	271	1706	1707
2769	2766	1182	2763
1580	578	296	873
1927	2393	561	0
2792	710	402	1354
2889	547	1285	1927
1554	1102	547	1575
1770	1367	693	1574
980	2151	2152	2571
445	934	2379	1060
933	574	935	98
2686	2678	934	2684
1110	1406	873	1405
2869	441	1982	943
878	2247	51	1697
401	52	722	1311
2024	1056	555	2026
162	1719	1524	579
720	79	861	2130
1675	937	1384	1516
2455	1752	995	1487
854	2333	2610	568
2403	2299	1482	763
1713	33	0	684
981	460	461	1217
2274	551	2859	94
122	295	761	1000
548	37	1756	1829
243	2270	2850	2859
1195	37	584	548
1195	2358	1804	227
2635	2061	2333	2634
1262	1153	1225	1261
2649	464	122	997
576	49	577	2352
733	2627	1861	2626
963	326	1527	2025
107	2477	325	315
2257	759	2477	2255
325	960	1020	2341
1901	1271	775	1051
2777	1895	2559	1274
1968	1708	1698	1314
2796	288	2606	2795
2711	1791	753	2364
18	2028	156	2316
1402	271	167	638
338	2704	2608	2702
756	71	1431	2460
1697	2682	1430	1432
2807	892	71	1658
397	758	2471	701
1092	27	51	1093
1243	788	2834	807
786	468	1386	788
480	784	2153	442
136	1870	706	932
460	948	987	259
2134	2131	33	2133
809	2181	2806	2187
1370	376	357	1381
1811	2448	1809	846
715	438	1010	1410
2529	1375	981	376
2312	626	1258	2311
1253	2148	1050	2297
2847	2087	847	2201
1192	2355	1256	1160
1239	2112	1670	2079
1675	2194	344	2276
1197	845	76	1633
1476	1633	944	76
2655	2405	542	747
957	1739	295	2406
1002	215	1977	760
62	1739	761	2584
1976	950	761	1974
2876	2872	513	2874
1977	998	510	1975
2471	565	1312	115
1085	2095	1006	1087
2417	162	2094	2340
1004	848	522	2340
1986	919	826	1011
496	1374	2128	456
1012	1785	1011	298
1861	1438	986	1863
1009	439	1932	1007
1785	1009	496	649
2240	650	653	1237
1029	1017	344	2276
202	495	496	456
534	202	1017	1029
1014	1016	263	496
246	1140	1361	1214
1851	1034	1506	2819
759	2345	963	717
60	1588	101	1848
1491	1507	1588	6
2145	1619	1423	1351
2484	1046	1916	2478
1479	537	1930	694
1586	1036	737	2533
199	323	1646	2602
461	1277	1030	102
2194	1016	344	1014
1028	102	1322	737
863	1084	2222	804
1245	40	738	1322
1423	1759	1351	1620
1973	1971	1849	1019
1971	101	60	1819
1026	2529	1372	2531
1616	2479	1531	211
2477	736	454	1507
2177	1864	669	1178
126	2023	324	2247
1797	1745	721	1205
783	1870	1866	406
2192	2511	2765	1382
1176	1421	2225	2284
2491	501	526	2866
1553	1914	1024	2077
2078	537	2188	2438
2804	2078	2188	466
1289	6	1267	714
1752	2455	1779	989
1271	964	385	2735
1963	1956	192	603
2875	2045	414	2296
2803	2802	2433	2425
149	1601	395	1098
720	684	940	2131
878	1732	2681	240
265	1077	604	483
2123	365	2035	221
1405	933	1407	1404
425	553	1137	1607
1546	2572	1548	2233
1191	529	70	197
1537	146	1905	527
2581	2505	498	2053
1564	1145	917	1072
1871	1834	1867	2427
2620	1913	2481	2591
84	781	2558	1274
1712	1303	1105	1071
384	1707	1105	1070
184	1066	917	2410
78	357	1371	1221
607	2139	195	2813
729	402	1498	710
2886	2224	692	1631
1058	1157	1647	573
2539	900	2049	2293
2541	2114	2536	2115
208	735	1799	482
2685	2411	479	1316
2466	2165	2096	2465
1581	54	2397	2390
500	1031	1106	2219
433	1004	396	538
734	1103	2369	1420
2350	1004	2417	1408
231	1159	526	362
891	1090	1190	892
893	1089	1658	890
1393	1149	1249	1150
27	976	1499	1701
1430	756	51	976
2476	2473	1715	2475
2159	2157	1147	73
2222	863	2109	1185
1465	1535	2268	2622
1688	2124	1055	2123
421	842	2002	663
1286	2394	1792	2597
384	1401	870	1710
1926	930	1241	896
1580	143	1086	1965
1407	1124	2379	2359
1244	507	1070	1071
1084	1172	500	2434
474	1515	577	1524
2459	1487	1836	2453
1965	2262	1177	93
572	265	936	2391
1379	2044	444	666
666	2044	1885	2482
1527	326	315	1888
645	1229	1443	1503
1535	1531	1884	1534
2204	1135	2387	2007
1632	164	574	200
2397	328	1581	2717
753	1247	244	1742
2301	2242	505	280
634	2520	2519	2385
1767	267	790	2240
1659	391	1720	580
873	1404	1407	1104
2852	2582	2733	1349
2867	2866	362	0
2594	2639	2633	1494
871	44	530	586
2070	2472	369	182
1669	2168	1	1175
2434	860	337	2473
2036	2001	365	2035
2172	1666	1138	2171
2171	1258	2311	2172
1624	1876	1879	1116
546	1622	1621	587
1612	1061	626	536
1636	1213	1133	1220
2432	365	2437	2036
1018	1365	1358	2506
1312	2683	2490	1967
1319	1729	2641	190
54	762	294	608
592	45	2242	1781
1776	171	1066	1687
759	1971	2255	2258
42	2656	1095	2663
302	1249	1429	2286
1091	1393	1428	1303
297	1091	1429	1610
1393	297	2797	2742
196	1225	2112	1528
1224	956	1415	1227
1296	1417	2260	1223
1167	625	623	813
1555	2082	1916	593
265	2740	1170	1077
550	591	1160	2399
1088	628	591	457
991	1158	526	230
628	2390	1754	1263
1631	2750	2749	1634
2523	1211	2020	914
2047	54	328	1581
14	625	201	1179
1226	2264	1296	2260
2002	307	1155	2003
1233	902	486	2408
703	901	803	141
1577	77	310	1157
877	149	1197	15
1915	1106	1174	392
449	1803	704	2487
1234	719	1172	2434
1130	80	560	2472
2226	1044	2228	2285
93	2259	1109	578
2178	1039	1922	2274
724	1165	616	141
769	621	625	5
724	14	803	260
488	1391	925	905
829	488	50	831
2374	2095	848	708
863	2220	273	1096
2486	2485	1802	1466
2086	2277	17	2307
2032	2034	1998	2031
1208	1608	1605	1801
1644	1646	1089	2461
1548	2066	1960	1063
1193	991	2644	2643
2648	850	1192	2878
308	2115	1528	1239
954	1471	100	953
1659	1723	2356	2264
15	276	1171	994
2196	1703	773	2198
1996	245	317	1787
787	169	859	299
673	2244	2246	1690
1216	460	2532	1361
1705	28	2217	2252
1502	53	1593	124
688	882	1041	883
1505	881	1504	2822
1885	1882	665	1378
704	1189	1607	1466
2743	1560	2760	2742
2550	2525	2526	2515
446	1540	1163	2522
2550	1392	446	1702
1138	246	1217	1214
1213	1018	1216	2311
1412	2534	1438	2530
1217	1202	556	1214
1213	948	556	1216
2186	810	8	1334
1573	1661	201	1668
1612	1138	2171	2311
1073	1440	426	2184
1606	1636	1805	1609
1296	1227	1154	1573
10	1225	1153	1227
1152	196	956	1224
2104	1662	31	1166
1223	1224	1153	127
1368	253	53	1814
1846	512	1114	53
2452	1771	1591	1439
844	1840	643	1590
1883	1503	1840	1881
902	1168	694	537
1688	1174	419	2124
558	2113	2212	2422
2191	130	2421	2009
790	117	1013	48
2423	839	1726	2422
2112	992	1528	1194
1868	786	2150	181
213	1551	2661	1102
2009	1551	2409	2420
39	1386	977	808
507	1105	104	1477
459	1588	1506	1032
851	1744	1357	1352
249	283	229	1119
168	862	924	1738
1148	300	1091	72
2866	2867	713	1255
862	302	12	742
713	871	530	2298
2454	989	1255	2298
2175	2273	2496	2868
1250	1253	2298	2493
2491	2492	991	2644
2273	2175	1269	2510
2170	536	1134	988
1665	1664	502	418
558	2121	182	1671
1664	196	813	956
2112	2541	956	2079
2794	1754	1161	2796
1980	857	1731	2040
1553	1552	1615	537
2609	2561	414	2796
792	2081	1049	1914
269	1768	879	1766
2785	2013	524	1257
1765	269	59	1766
1944	777	964	1051
458	161	908	269
82	1894	1795	1807
2713	2559	965	1069
1898	1442	678	1307
1277	337	2221	327
1276	557	1028	2
1843	1617	63	214
1283	351	1642	1481
785	2598	247	1497
1897	1743	1788	1789
2468	1345	1337	518
2603	199	1279	2602
1881	2322	798	1847
1496	1554	929	2889
785	1100	753	2596
652	508	655	1957
2111	2109	273	2082
1886	1588	459	1049
2638	2634	2208	2637
402	1498	2446	895
1598	1595	1575	2409
895	2637	884	1354
875	1928	2102	503
1602	571	220	26
1166	31	1154	1223
2445	2667	802	575
1301	1874	783	1549
2574	2066	1300	2573
1299	364	2729	529
364	140	1298	147
2149	2308	235	780
1149	918	1070	1428
2302	676	1773	2246
620	2187	1986	826
1687	173	2410	1776
1427	1564	32	1275
2249	405	1693	1696
812	2028	2413	52
1772	2586	1326	822
939	834	1512	1314
757	1141	758	1003
2008	515	2205	2652
2718	52	1311	966
879	2101	59	641
610	2687	2516	1081
416	1377	2027	1371
165	2752	2704	1474
1729	1142	1717	2235
2662	2281	1499	1500
2611	2332	165	2404
554	2220	1030	1032
1686	1676	563	1654
1325	2692	32	2141
2692	1324	563	1684
1310	675	1563	1686
615	2351	614	1660
1603	1526	906	225
1396	1991	1362	1454
465	1989	841	1992
274	2800	72	2797
440	2533	2816	1413
2503	2768	50	2500
772	19	191	1218
1425	2499	1835	2501
410	2150	2038	2182
1282	50	1345	1343
2858	1342	471	2147
306	1873	147	1866
1867	2153	9	1376
1827	48	653	2370
1338	2039	2014	1939
2338	2210	1337	2337
373	248	35	2467
1842	2470	1337	1282
588	2313	339	2495
2699	2497	1605	1859
2274	1449	1604	588
1125	597	39	1385
1757	1464	1801	2699
1033	587	1023	1619
672	1744	1246	2584
2420	2424	2527	2660
1293	928	402	2595
2584	467	463	1655
2326	2324	1808	2323
62	1746	1246	542
1140	356	422	733
2303	347	2700	4
2627	733	1361	2546
1018	259	1202	1360
170	509	1329	148
2185	1364	246	1584
1363	2185	1611	1440
347	2700	1140	2506
811	81	1440	392
931	1770	1799	840
2325	1228	1502	1600
2642	1631	2754	2883
376	984	493	1372
1317	443	814	1073
1036	1370	493	1583
443	715	662	1820
438	715	1008	1377
2546	987	1584	259
2765	2016	1340	2764
1317	456	2027	1374
1885	1207	1462	1884
1887	1111	1492	2591
176	1887	2479	1460
357	1584	78	984
2767	1043	2508	2789
1565	2769	864	919
2415	1673	2416	943
39	1349	2834	2826
1243	2429	978	291
1943	2064	1389	305
2576	3	181	2575
2734	1387	268	2733
297	1426	2761	1560
1182	826	919	1566
2547	1212	521	1540
1149	1091	72	1151
1784	2547	1395	205
274	1783	1394	2799
1329	399	1450	509
1898	1790	679	1794
2709	384	2706	0
2777	2602	2339	2559
2690	679	815	1401
2709	1101	1400	2710
271	970	1442	1444
1743	638	868	2237
98	2391	1124	1060
936	177	1407	1060
177	1577	936	749
1124	1104	1060	1405
2374	2094	1087	2090
1865	21	1583	506
1865	986	440	1412
2820	2817	377	2816
2534	1215	1410	2533
1332	377	440	1583
403	2625	2017	2056
10	1153	600	1417
2538	2117	407	564
409	1855	1154	1415
87	166	2395	1742
2607	138	228	2720
734	336	1086	764
2226	1044	2288	7
2341	555	2345	132
1620	1023	1033	2200
781	2209	2339	2777
2502	1335	1834	41
2760	319	1390	2761
678	2692	1307	917
264	1149	104	1303
1711	1148	1150	677
1432	1431	973	1093
832	1430	972	1433
321	745	1430	973
1431	397	2460	1434
892	2808	1433	701
2664	1701	23	2662
1814	1591	251	1852
458	752	709	314
1010	1861	1215	21
1443	1230	1814	2449
1221	357	1366	1364
2450	2451	1856	2448
1444	1402	1275	709
2452	1439	1114	2447
637	1898	1442	1402
88	2497	2569	2270
1458	262	742	12
1655	193	911	672
477	2080	2110	664
1348	2271	805	2313
1953	1396	1782	1511
1950	1907	1508	348
1955	1510	1901	1952
646	1455	309	485
1509	148	535	1329
1453	646	348	1508
779	349	825	353
1509	778	317	1476
1446	169	1559	920
1987	287	797	2054
2617	1913	1380	2479
1493	444	688	665
2482	187	1535	1378
2480	187	2592	2616
549	1608	1801	1350
2621	2592	1097	2622
590	1208	1186	2487
1760	584	174	2630
2836	2735	2428	2579
2772	2489	2631	2770
2489	584	2629	2628
2358	1195	1825	395
602	186	533	316
420	1647	1767	730
338	2143	2404	1318
2891	2119	1570	1770
995	345	1457	342
1682	1244	672	1813
70	806	529	20
1493	2480	1025	1615
1483	56	374	1778
1646	1642	388	1279
946	1980	370	2876
350	1486	374	1480
1778	134	342	1752
1700	2681	1755	2677
1483	350	404	531
1108	2459	1804	944
2861	1544	2231	2728
1831	180	2573	20
2505	2570	1942	2735
1507	1022	60	198
1553	1379	1615	2478
444	1461	882	1479
1127	1589	1683	2593
710	547	729	2595
1554	1285	1926	2892
2394	1280	2388	702
1291	1075	898	1598
2666	1320	1092	1701
2662	751	1694	1320
1687	1712	862	1706
1204	1368	2408	486
1881	1114	1232	1845
1206	688	881	1882
1592	1206	1582	846
1019	1851	1245	843
1022	1491	454	1038
1455	1451	2555	1906
1454	646	1951	1457
1996	1902	1452	1952
509	2556	1450	497
2416	1516	1311	1725
1718	1714	2264	2356
49	577	614	1718
1107	474	576	2259
1675	943	1512	1529
2128	2343	2342	153
1750	29	795	1876
1878	1747	382	2653
2360	382	874	1649
142	681	222	144
2815	2811	2732	2809
2108	2731	1928	2431
2373	941	1107	2384
2362	387	429	1652
32	1328	909	1689
960	1113	717	1910
1579	1152	1239	1194
1753	1982	1516	2718
792	2081	477	2111
1115	1535	176	1037
907	475	1724	1728
1923	2267	2241	720
594	2322	1115	2318
1531	1115	1462	1097
697	2058	696	2320
413	2030	1064	1541
2267	1923	594	888
415	888	885	2317
1392	1211	146	2523
146	1537	2522	2021
1995	447	2030	827
2524	2521	2197	1920
1488	2232	799	903
2716	2714	799	2705
2726	1062	1960	180
835	2861	2088	2231
1191	2306	197	1062
903	783	1298	2304
1726	74	2110	1727
1241	2183	1242	1575
1265	2077	1916	532
1046	1919	1265	1492
1285	1496	930	2890
2407	2439	1156	593
2758	677	2213	1705
865	2711	2364	2706
671	681	2773	1709
1458	462	923	2249
2744	2801	1390	1209
64	2217	2665	2252
1685	2218	2254	822
1690	1686	822	1326
909	525	1307	1066
2769	2763	1383	2762
1391	2426	919	905
1958	2207	2891	2143
690	2823	2825	1570
130	1937	794	690
2884	1475	1568	2888
1683	2889	1958	2593
1722	294	2350	2092
2264	1219	1223	1718
931	644	2747	693
1551	1292	930	2890
1723	2262	576	2259
1170	117	731	1406
95	100	151	226
112	1528	842	427
1103	926	296	2383
1164	1083	1118	138
1505	1883	645	2447
2531	1409	1372	1413
1363	1381	1375	2623
2552	78	506	333
2532	160	461	1026
1639	2076	864	1986
1021	1289	1022	1245
2639	1494	1598	1595
2451	1853	1231	2447
1230	1436	161	752
53	881	512	1505
1204	486	687	1800
387	2613	301	740
1589	1292	693	791
658	2790	2048	875
808	2725	291	2573
1498	729	1292	1589
1807	267	1764	251
858	1368	398	1815
77	1055	119	260
2756	1963	1956	1295
2691	2688	1328	2141
120	805	823	1348
1817	453	1189	1347
2313	2271	1222	2277
2307	17	1061	1208
89	339	1189	1464
553	2307	704	1222
2278	1150	172	1711
1364	1636	81	2271
626	553	1137	1220
1909	2621	2024	2266
2261	2018	2266	111
1492	1479	1265	2478
685	2622	1037	2617
1278	1843	397	2162
2830	2200	2831	1704
1023	2457	1620	1351
1891	1619	1033	1423
361	2087	386	1136
116	872	1136	386
361	1838	1836	320
2396	2654	1877	1135
1962	2753	796	2642
2029	2021	2195	1920
828	498	1990	413
245	146	2161	899
47	1961	1959	1962
239	519	2365	2380
1162	1369	1076	692
164	1117	192	712
345	994	2045	995
656	2886	2749	1162
692	152	492	603
1138	1611	1222	221
261	2494	22	2303
2303	2277	2842	2180
2553	1924	194	1587
669	659	524	2076
2312	2506	356	552
2602	35	1481	1279
2464	199	323	1644
2462	1643	890	1190
2720	138	2717	2794
1190	199	1027	1481
1473	420	1077	1648
740	1647	568	573
29	2371	2651	1520
109	2635	2335	2638
2635	2639	2332	2061
1525	473	740	856
311	2245	627	489
1323	1676	820	2586
242	1447	841	1355
1774	1736	2155	2248
674	1676	906	1684
974	1090	746	1679
1196	260	1661	1123
580	1721	1327	2351
1659	1720	724	1219
1226	2104	189	1723
396	539	2349	522
1259	1670	1261	105
1259	1670	114	1716
860	221	1133	2173
515	2008	2206	106
1219	616	614	1720
2168	1130	842	2435
1664	1665	992	105
105	114	1260	418
2125	90	2023	126
1384	450	2413	812
640	1854	161	2100
943	993	1516	153
627	1657	1323	1654
2463	2156	893	516
743	2281	1680	2283
2156	1658	2664	746
1678	2665	2283	2662
430	2550	2548	2744
672	1737	168	1477
1958	791	1571	1494
2690	1325	1657	2688
916	1562	2253	2410
1323	2245	1326	1563
1306	1501	1145	917
1098	719	149	1234
2509	820	1526	909
673	1563	1696	1201
2681	2805	670	2677
280	405	1693	66
1692	1308	1696	1694
1693	2280	1695	1500
2283	2280	1694	2279
1693	1308	1690	2254
2683	973	938	2681
2135	423	966	358
667	2243	897	592
2300	2683	2316	1485
1435	2664	1092	1499
521	1987	1212	800
2084	1198	451	771
1618	2087	219	434
1556	922	366	1203
1501	1707	924	678
1710	1071	1706	924
565	1839	966	701
2154	1558	674	904
1707	1101	1794	679
1610	1892	2278	1429
918	1070	818	1501
2269	861	2154	947
1513	1718	2260	474
1094	2170	860	2169
663	842	1665	1
2641	1319	2392	2636
1714	1513	1573	1514
941	162	817	2419
1661	1123	616	1668
391	379	394	1660
2419	2262	1572	817
1196	77	1576	1662
1532	558	1728	1726
2414	1512	153	2126
475	1550	1238	1724
1728	74	1550	2222
2121	1532	1724	1727
1142	1319	2518	712
155	1736	2155	904
857	1264	2371	2360
2301	1057	505	45
144	627	674	605
2490	416	217	495
2583	2586	627	1772
667	224	1656	1730
1744	1682	1810	1738
1248	229	167	1737
997	2216	999	62
166	2364	851	2706
249	2405	1746	2659
1418	2395	244	1119
1894	1403	1795	1281
1746	1737	1352	1246
2822	1797	1041	2823
1741	2216	1357	1744
2658	2649	285	1519
2658	845	535	819
2784	2370	2781	2004
2654	795	1518	2651
457	2398	2050	362
944	1050	1484	2297
1982	1529	2675	2471
138	2609	1161	1263
45	1485	2677	2314
1829	728	951	523
1829	1796	133	1350
1760	544	44	545
546	1033	1891	587
1758	2327	2457	1467
2192	2510	2789	2174
1898	637	639	1790
129	1897	2566	1765
82	709	1599	2588
637	1270	639	1763
1268	2563	641	1270
2756	1964	1473	1122
161	1854	1268	629
569	2411	853	2703
1367	931	1475	2745
1230	2452	844	1853
1735	1310	675	2585
432	923	1304	668
514	142	2321	1656
908	910	640	867
1145	2250	1306	2410
2787	275	2724	2580
2787	1484	1480	1779
1050	1780	1778	2148
1779	2296	341	2050
1969	155	1144	667
399	1450	1988	1784
1395	2801	2744	2107
1394	2523	1782	2799
1009	1012	809	279
1991	223	205	399
1900	1945	1199	412
1281	635	55	1792
2707	2708	1281	55
1762	1397	1896	815
868	1793	968	2711
1100	1795	1788	1812
1791	868	1810	436
1397	271	870	1710
1792	753	1743	1273
727	549	767	1757
2824	2810	1041	1745
2823	208	2323	1972
208	1080	1367	840
881	1593	883	2824
1802	1350	1464	1189
549	1186	765	1801
2035	1173	2486	1805
116	823	1487	954
704	1803	1222	89
2694	47	1959	796
913	1812	1273	1599
2326	796	1356	1809
793	1811	985	1808
1813	1737	1793	851
1858	253	985	1809
508	652	1792	1807
1810	436	1477	851
1439	1436	1228	2449
251	267	1600	2747
194	360	2788	2767
1605	2495	2497	339
669	1924	2785	1922
2255	417	1035	454
377	440	1373	2256
417	2820	2255	2258
738	2817	40	417
2721	157	2004	2720
2782	2142	2784	157
1471	158	727	619
2784	2370	470	2204
334	106	1341	48
2497	2699	339	1890
951	1757	1756	2855
1890	589	546	872
2856	2726	2725	1489
2178	94	233	2868
1870	7	1875	2153
1835	1425	2511	1067
1867	1335	2016	1834
816	1623	1108	545
434	1838	2828	2829
1837	1623	2507	543
2300	1708	1966	1970
1845	1847	1231	1232
1843	373	35	2096
1345	375	2468	2338
1617	1278	388	1841
35	2467	2339	2465
1503	798	2452	1840
1884	1229	124	1885
1840	798	683	1284
876	1021	1973	843
1850	1911	1034	876
2481	876	1849	843
101	1973	1506	1019
2695	2696	1436	251
1590	1771	2451	844
879	1674	437	1768
601	1417	2139	409
2697	793	1441	2693
564	340	2117	186
2449	2450	1811	2448
2234	261	453	1347
1865	506	438	2528
1438	1010	959	2552
333	1986	298	2552
2528	649	1010	298
1039	2177	2185	2846
21	1409	1410	1860
406	1042	147	1339
1340	7	1835	1067
2012	810	1240	2182
469	1872	85	303
980	86	1042	1833
86	2229	1067	2427
1869	469	435	410
1339	306	2839	2146
782	125	1875	1298
1833	784	2225	1874
1135	1518	1879	2142
113	657	1624	2654
11	1519	29	795
657	2007	1135	1876
708	2085	2645	231
1503	1884	1284	1232
1207	512	1504	1883
645	1232	1582	1882
1881	1846	1115	1378
1378	1846	1112	1207
1289	714	459	843
1379	1912	1380	1919
315	2479	718	1113
2456	2504	543	2854
1828	1891	1830	1893
1620	2855	1890	1759
2759	1711	145	173
2270	1890	589	2845
129	638	1273	1743
2778	2057	2712	965
1897	815	1790	2710
129	1281	1763	1896
1762	1444	1397	1275
2555	497	1950	2554
3	1936	317	1787
1944	964	1949	1452
1994	1945	1510	1944
179	1943	2579	2570
412	2069	498	2581
1997	1995	1064	527
1955	1954	1508	1951
1451	1950	1955	1949
2006	398	419	131
2619	1613	216	490
216	1527	717	1911
718	2618	1849	1910
2044	1887	124	176
455	1460	718	1068
207	1046	1267	6
2122	207	1172	736
1552	2077	1024	1156
726	192	830	1918
1917	2687	192	2685
2122	1553	1887	2408
2020	2522	1626	1543
2074	2072	1925	2068
2272	2786	1818	1178
1533	1538	700	313
1639	108	1818	669
2068	4	1921	2700
1927	691	1102	1496
504	927	1926	929
1294	875	2103	1523
439	150	1932	2426
238	61	1025	689
248	2470	2600	375
1929	263	1011	2426
150	831	16	2426
833	69	263	2093
690	2892	660	2190
2064	1900	2071	779
371	1569	689	902
2190	61	691	2292
2841	1342	2182	2843
130	389	2804	660
2428	1946	2330	2836
2065	1490	385	2505
1387	1903	2723	2582
1902	2071	1901	1271
2071	1787	2065	1902
2736	2730	776	1941
383	381	380	103
159	103	390	346
825	1907	1901	381
1907	1451	1899	346
1953	1996	1509	1906
827	1510	1452	1993
1954	1450	1951	447
1906	1955	497	1953
1954	1906	1907	1452
1602	96	164	1052
1287	855	2751	2336
1567	1571	2633	1683
2698	1962	1806	1629
180	2066	1191	1546
1629	47	633	2751
2747	1625	1959	1629
152	1602	569	1052
644	2747	1767	2756
296	92	1109	1103
2300	2677	1839	2679
90	2490	1141	2869
18	1970	423	966
2315	156	1781	2314
1968	2316	2314	1839
1034	1035	717	1146
482	2324	1798	2822
1851	101	1848	1034
295	1977	2406	1000
1976	329	209	1002
209	1000	25	1975
1974	998	874	1002
2198	770	135	2309
2873	2010	1980	2606
1482	2403	1264	1979
2299	513	139	2045
1529	1753	937	115
2199	287	773	2198
2524	2526	1985	2549
800	2525	255	1984
1862	1305	1007	1587
1459	448	1702	2083
399	1992	1782	2556
1330	750	463	170
827	1627	828	1993
286	1786	819	1329
1988	223	2798	1330
1952	385	1990	1994
1902	2065	385	1993
1905	1997	1542	827
1997	1199	1951	1510
1995	1905	447	1996
1999	622	621	1188
769	476	1998	621
2492	2491	530	541
1132	2036	491	2034
307	1167	1099	421
769	768	625	1167
1749	228	431	1823
2384	2263	2259	578
725	2122	419	1908
1879	2657	1116	470
1313	1667	711	2105
1236	389	1242	2527
2299	288	2403	1979
2046	744	137	48
772	1868	235	480
2788	65	864	1269
411	2182	2147	1342
2720	91	2400	2560
1376	2765	1835	2501
2321	1414	697	681
1614	2261	2268	415
2324	482	2326	253
2522	1920	2030	1163
1626	2029	899	1541
2136	2413	401	2412
416	2490	1040	1672
684	940	1613	111
960	886	216	555
2267	2261	886	940
1377	1317	443	2127
1309	90	79	969
2021	1626	428	413
1537	413	1542	2020
2488	590	1188	2485
2488	2035	476	1188
2034	425	590	449
1188	2001	698	2033
1132	1803	2032	1059
2001	1132	1139	449
2151	2192	9	359
1336	612	2849	2850
2571	1342	2193	2179
2606	2795	1264	2371
2606	2796	2398	2160
2560	494	2142	2043
334	91	2042	494
1112	1912	1111	124
2561	1981	1633	1053
894	117	2011	2265
1164	228	764	762
340	1596	875	2538
2537	654	1078	658
2296	2867	1751	1780
206	852	533	203
5	110	2543	2545
1065	2572	2063	428
1459	516	797	800
2775	867	642	2776
1414	2319	682	2322
1895	2778	2714	2713
1536	2321	695	313
566	257	895	2446
2670	2215	2335	2668
955	1651	2404	2633
2793	2331	2441	2791
835	517	2053	2089
1387	2730	1936	179
2069	1945	1994	1942
1299	2574	1191	1960
2582	2856	2723	597
422	1921	1925	659
1904	412	828	2065
2472	1129	2432	2475
1945	1936	1944	179
1921	2074	2273	524
2624	2623	2551	659
2072	1921	472	422
2601	2604	780	235
1587	1640	524	2551
1046	2407	1916	1552
1048	371	1047	2803
1262	105	992	598
1448	477	118	2802
1267	1530	2082	2439
1156	2081	714	1288
797	1987	2524	2197
1703	2232	517	0
1880	708	433	608
1187	2312	626	17
2202	990	1704	1621
2309	2231	1547	836
2063	517	838	135
2397	1408	2092	2401
2671	2166	441	2469
54	1572	2401	2090
16	263	2163	1934
1408	2374	1005	162
433	1004	1184	848
2165	1082	1841	487
2470	63	355	237
643	642	640	2101
237	2469	833	518
643	1674	844	631
1315	640	511	2098
2103	601	1294	503
2108	340	1928	2102
1662	1226	121	2263
2205	2008	244	247
602	189	647	335
1783	2544	914	2799
186	2811	2103	1523
1288	2111	1096	2110
1448	664	1550	2109
2109	1288	739	1530
992	1239	1152	1262
2536	598	1235	661
206	1079	2116	2289
1194	308	624	1079
2114	206	131	624
1416	203	1857	599
560	1	114	2121
2143	1475	2745	2224
2474	2436	2219	2476
2118	1728	1260	2474
207	1915	2006	1919
1098	2435	768	1059
1234	1098	2168	13
1672	450	2227	2127
2416	2415	1725	2414
2027	2125	2348	2343
456	1517	1008	2276
2344	2134	2136	2131
755	2136	2131	942
982	2129	1056	2130
450	2415	188	2343
755	2135	33	982
2347	2129	982	2236
2133	755	1698	358
2413	2022	2130	2129
406	136	2146	2863
2391	606	604	2362
1074	607	1855	121
2793	2790	658	2792
1324	32	1603	2689
1876	2042	470	1824
1567	2223	2119	1474
2857	2862	303	2840
1023	545	361	2830
2863	290	2137	1873
303	2014	1338	2862
2867	989	2787	1779
2308	1302	290	125
468	1240	386	1336
2427	2037	9	932
706	9	2179	932
1833	706	1340	979
1709	2155	1713	695
1730	2154	1656	83
1677	284	1679	2157
1095	2159	2663	2156
214	2167	2165	2164
2157	1095	64	800
414	2398	2041	2605
787	521	252	1628
2164	487	1617	2675
2674	69	2093	2673
487	2162	2158	2167
2158	373	2096	1082
534	69	2091	2671
2676	2672	2158	2164
1130	1669	907	2124
860	2172	557	1715
2475	1715	1258	2173
536	1134	1220	1133
2169	1133	556	1134
1666	2437	536	2170
2513	1761	705	2272
1254	1257	233	2275
30	472	356	0
1864	1039	659	4
2496	1178	2275	1832
411	2039	2152	2193
1638	17	453	261
983	809	232	2184
1868	2014	1939	1336
2292	1551	660	389
1221	2181	108	426
1364	1363	2846	1864
318	120	76	1218
1305	620	983	2806
238	1048	1047	466
2510	2192	2511	2427
61	1938	1935	660
2423	2802	839	1236
1761	2189	2037	1043
359	705	2179	2039
2276	202	993	1029
838	2197	1626	837
2198	797	1198	135
2195	838	1543	2083
1978	1983	1198	2196
287	448	1983	204
1618	1423	2844	2202
219	990	2832	847
2844	2200	546	2087
389	466	2292	2527
2782	1826	1116	2780
1313	2105	87	2368
1667	266	239	2367
2889	1567	2223	2888
2669	884	2215	1290
1424	880	2230	375
1343	2338	2468	2558
2	2221	281	2219
2535	1235	2424	2290
175	2761	1556	2758
366	64	255	2757
2060	2670	2208	2669
1746	464	1739	2584
1561	64	28	1203
916	462	36	1562
1084	2222	2120	2211
1185	824	1322	2
2211	2	1276	327
2219	1031	1727	1096
2143	2207	2887	656
2887	2884	2119	1076
2284	1044	887	1875
1421	1176	2499	484
2779	2341	132	2125
2337	567	1176	2562
2305	2288	1871	484
2562	2209	2338	781
2088	2306	1547	1488
1544	2861	451	2084
1062	2728	197	70
2842	22	1859	88
270	1319	2392	519
2412	2414	834	2134
870	868	1403	2708
2749	2746	2517	2748
2636	634	651	2517
648	2520	1122	1013
79	126	1533	514
1120	592	1144	897
224	1699	2302	489
280	1201	405	676
1653	311	1686	673
1304	1201	675	311
723	1040	859	938
79	1656	83	156
1559	36	1308	2280
171	1776	916	921
2758	2755	2282	452
2282	1203	1561	2283
570	218	1685	452
36	1562	1696	2279
962	1819	1821	1146
2820	400	1820	2257
759	962	662	2256
1821	400	1146	2819
1515	1177	2005	1576
195	1166	1154	1714
2018	1614	490	2026
1576	1722	1109	92
2813	195	2005	2104
1166	1196	1573	1513
2046	336	762	294
1614	1613	111	2268
1533	1538	211	2026
2018	2318	1097	2266
700	720	1713	684
1445	1893	243	952
2846	1449	1606	1611
2513	2174	1922	2786
1254	1257	2072	472
1178	1348	2498	949
2175	233	2178	2786
2128	1014	2194	993
1638	347	1606	1187
173	1711	918	1610
36	2254	1695	2282
2249	2281	1695	1694
1678	1320	2280	2666
2251	2252	452	2279
1678	1695	1680	2252
2837	2287	2225	1044
1176	567	484	2287
12	262	1148	677
2284	2305	2715	2285
2837	2229	1421	86
2114	2536	2422	562
2291	561	2212	2660
2540	2294	2393	2290
213	2183	1938	2203
2540	2537	1078	2539
2661	900	2291	896
611	599	898	852
1780	2455	1053	2050
989	134	1752	2456
713	1252	1255	1253
513	1981	946	2010
1700	595	1966	1839
354	592	1732	1120
2243	354	668	1304
1359	1638	22	1637
2728	1549	140	806
2229	2837	2287	903
2310	2231	1548	2572
1609	553	1607	1187
1302	2149	786	2574
836	2310	1978	2088
528	2309	2306	770
1220	1214	1134	988
2506	1641	988	2086
1449	1606	89	1346
2316	1970	1755	1969
156	1969	83	423
969	1700	2314	1970
1539	700	885	111
885	2268	1534	415
2056	697	671	2320
1536	885	696	2319
2017	889	1774	2058
1534	2625	1284	2056
1798	2883	1356	2754
1356	2019	846	1972
482	735	1368	2810
2753	2019	1808	1356
2860	1760	2632	523
2866	2493	501	2860
2454	2865	2727	343
2724	821	1941	2836
2792	2062	277	2446
2610	1321	1651	730
2610	2402	945	955
606	2430	481	387
854	1650	2638	2060
2568	630	1957	2567
567	2228	2500	1343
2210	1343	1842	2230
2558	1424	1844	1399
24	1006	1005	2417
2345	2227	963	1422
2343	236	1517	188
2127	2132	2342	1517
2129	2347	132	450
2779	2341	1020	1422
2378	912	2377	2381
2344	2134	236	188
2127	236	2779	662
24	522	1663	2353
538	1572	1087	2418
1660	2354	1327	368
368	579	958	2419
2354	539	2881	2349
2351	379	581	2353
894	227	732	991
1196	576	49	1513
539	732	293	2879
954	1471	805	877
1104	2383	2377	177
866	1520	510	1731
802	2444	2737	2613
2138	1525	429	26
2812	2809	2731	2814
2395	1740	1557	968
1630	2388	2367	2380
702	651	2392	636
2386	247	2365	2206
2396	87	247	2205
1086	328	2372	764
1826	1749	1341	75
1649	494	2040	1731
431	2721	2369	2375
817	1524	93	143
2094	1408	1184	708
2372	431	2781	734
2783	2781	2377	2780
2376	912	2346	2359
445	2346	2379	2870
2378	933	2686	1104
2381	1630	2365	190
2871	2380	2382	2346
2381	2871	2780	2387
734	1580	749	2359
195	2005	474	1524
648	1121	96	2519
2367	2396	266	2387
1116	2386	2382	266
2392	1497	519	2365
2520	634	774	270
2397	608	1161	1083
572	2138	1110	1404
1717	2366	2235	2388
654	504	927	2291
1497	1100	702	915
2364	1418	1742	2598
2368	1624	128	2386
2390	2090	1083	1118
1751	457	2160	2041
628	231	1158	608
2795	2015	2560	2794
2090	817	2092	328
2611	2608	473	2333
857	2010	1980	946
2608	1474	2061	1321
1741	249	542	996
2655	997	1974	62
2439	1555	2077	532
1919	398	1168	1502
1242	2421	478	1292
1776	1685	1306	1072
1081	2685	1769	2678
2022	2416	401	2236
2022	2136	1309	1673
2236	2126	1725	188
1384	2132	153	2126
2126	1384	2412	1512
2340	2418	1087	1005
24	2419	2350	2417
2352	2418	1719	1722
1242	2661	2542	1353
1236	2409	794	131
2289	1235	1238	2424
2425	2191	1238	2527
562	1353	2212	2422
1054	2423	2433	466
1566	1929	1932	1933
2189	2151	1067	1871
2736	1941	777	1468
39	1386	212	2826
2731	2334	2615	2738
2612	316	2791	1523
2437	1139	559	2070
1054	2425	664	2438
1131	1174	2436	1106
1669	2123	365	421
2120	80	2434	2473
2173	1139	425	2432
2803	532	1047	2433
1555	2407	2081	477
2741	483	481	2738
2062	2446	898	316
2791	277	2443	2512
2669	575	2442	2667
301	2739	2361	2737
2667	1297	2614	2668
2441	2331	1291	2059
1590	1582	2448	1443
1441	985	1858	2447
2450	1858	1814	1439
1858	2449	2697	1441
1441	1853	631	1590
1771	1230	1845	1443
343	1108	816	2456
1253	2456	343	2329
944	1050	713	2296
2454	2297	2453	1889
523	1760	548	1619
71	756	746	210
1487	1108	44	871
388	972	1433	2461
71	1190	892	2460
210	2463	890	1644
250	284	2462	1677
2603	393	250	1643
2467	2468	1844	1082
2672	1082	2674	518
1344	375	1844	2465
2465	1842	2210	1282
2099	237	2091	2676
2097	1931	1345	258
565	1003	975	1753
1129	2070	1175	80
1094	2476	1131	2436
80	2120	2121	182
2070	182	2170	1094
2473	1094	281	2120
961	107	962	1038
1492	1615	1024	2591
1380	1888	1037	1460
1463	2590	2591	1479
2483	2484	1850	1068
187	1112	1462	176
718	198	876	2481
2481	6	714	1024
1186	2488	363	2031
1186	2488	2487	1803
1466	2486	590	1173
2485	2486	2032	2031
1469	2630	1470	2770
1734	2023	1967	1141
2000	1256	1045	501
2000	1256	686	174
1255	2328	2865	541
1637	261	30	552
2842	1346	2569	1817
2868	4	1254	2178
1347	1828	1817	1445
2843	2513	2274	2859
2502	1335	2500	2226
2499	2337	1333	2502
2768	2016	1335	41
2499	1425	484	2500
2768	41	1333	2763
1889	2864	2507	2827
1065	2581	1942	1490
1641	2312	1140	1365
2827	268	2504	1838
1382	2762	65	2511
820	1689	563	184
1761	2189	65	1257
1043	2189	1834	2508
277	2792	884	2442
2174	233	2272	2498
830	479	2746	2640
2549	914	2526	1210
2640	726	1316	2641
2748	2238	855	2239
726	712	1729	2636
2751	2748	1121	2385
1121	2389	652	2240
914	2549	1543	2742
1920	2020	1541	1211
1540	1163	447	1784
446	1984	2083	1543
1210	2550	1985	430
446	1210	1984	2515
2423	1353	2203	2009
649	1863	1860	279
160	1036	2530	987
2529	2627	1215	2532
2534	2533	1583	1036
160	1586	1202	2530
2531	1412	1332	1026
1215	1412	21	2531
661	2212	562	2540
2289	1079	2113	661
2293	2540	2049	2538
407	1416	2048	2537
599	611	1078	2293
2537	2293	2291	2535
661	1079	1262	600
611	478	2420	562
2052	766	901	5
2107	2801	2742	2797
363	766	765	2052
2627	1360	1375	2623
1394	2548	922	1392
2744	2547	1681	366
2515	2521	2743	1984
2525	1210	1212	1681
2626	2073	2076	2624
2626	1585	1861	1862
1639	108	620	2764
25	97	254	1899
497	1899	1508	485
1511	509	1988	170
148	97	330	25
781	2339	2210	1069
1274	965	1399	2712
2400	2042	157	2015
288	2719	1266	2045
887	2230	2228	84
632	1766	2565	2566
2696	2565	913	2567
2564	629	2563	632
630	913	1763	2563
633	2564	2336	632
630	913	2336	508
551	2495	1445	88
2856	1490	2579	1903
932	359	2039	471
1062	2053	2306	835
1489	2729	1299	1597
2066	1299	2308	2575
291	1388	786	2574
305	1388	268	291
2852	2836	2864	2734
275	2580	183	776
1468	2570	1903	2582
2578	1777	380	2724
2505	1065	1904	2726
1125	2579	1943	2067
1735	525	748	909
2216	1355	999	1352
1772	525	462	432
820	1735	1310	1654
168	862	869	818
292	2589	1764	229
845	2588	283	276
187	2480	665	666
1379	2480	2478	1068
1465	2621	1463	2616
1494	2595	1571	2594
1127	2637	2593	2633
2593	729	1495	1354
2597	865	1286	2598
1100	702	55	2596
1280	785	2395	2596
323	204	771	2712
880	2604	1931	2603
880	887	2075	2778
1399	1283	1642	1027
2600	2464	351	1283
2600	2075	772	241
2875	341	2160	2873
967	2041	2040	1979
91	2719	744	1419
2402	2611	971	2404
2719	1266	591	1754
2635	2332	945	2333
2608	2402	165	1321
2737	2431	2667	2615
2614	1594	2361	2615
802	2445	568	2613
2737	2612	2613	2430
2592	1463	2617	2620
1616	1460	455	2616
455	2620	1911	2619
2621	685	1909	2618
2618	455	1068	2616
2592	1465	1613	2619
1616	685	1097	1465
2546	2073	1584	2626
2551	422	733	2073
2774	1414	2322	889
2623	2551	2552	959
1360	959	2546	2530
1470	728	583	2770
583	2631	151	1470
686	2489	2632	1467
2629	583	582	1469
2770	2630	2327	2771
1127	2594	1958	2061
1290	2638	854	955
1650	1651	2610	955
2518	2239	1717	2640
2594	109	1293	1290
2634	1290	2335	1650
1127	109	1651	1589
726	2516	2514	2636
1142	1717	190	2516
2885	2750	1625	1369
1192	230	585	2645
585	2646	1256	1192
2647	2880	1880	2643
2644	585	2772	2878
849	850	2645	433
850	1193	732	2879
1747	2659	957	2655
249	2658	283	711
1750	2653	1649	747
1313	2654	87	747
1519	2651	2655	874
2652	1877	1624	1750
2649	996	2406	2653
1147	42	73	2666
657	113	2007	11
2650	2659	1748	1747
1741	2658	2649	464
2661	213	2290	1353
1241	2420	2660	2294
1320	1680	1500	1435
2664	2157	1147	2665
1701	1435	1679	2663
1680	743	1561	2663
2281	1499	699	2656
1297	2445	2612	2443
2669	854	2060	2445
2215	2443	2208	2668
2215	2060	257	575
2675	2676	2166	2091
2167	2676	2466	2674
534	344	2163	2675
2672	2163	2466	487
2671	2162	1753	2673
2672	2167	2469	2671
1966	1485	1755	1691
935	2686	98	2411
2680	701	1966	595
2808	321	2679	2805
1485	1697	1057	1691
973	2683	757	595
1697	2682	1700	1141
935	2687	574	610
2411	1081	1918	2687
2678	935	2379	610
2685	2684	1316	1918
1603	2691	906	1684
2690	639	2141	2691
2692	1684	1400	2689
2688	1603	59	2689
1324	1325	1427	2690
632	437	1856	629
793	2698	1806	633
2697	2696	1852	2698
2564	629	2695	1852
1856	2695	2450	793
633	2695	2694	1959
1347	1828	2855	1350
1365	1359	1925	552
2704	2703	152	569
220	853	473	971
2701	338	492	1769
971	338	1318	2701
520	1545	799	2713
436	1398	1740	1557
2709	2710	1789	2708
2237	865	1789	2707
1398	1401	0	2707
2707	1401	1896	870
1557	865	968	1791
2559	2599	520	1895
2057	2715	2705	1274
1545	2716	352	2057
2713	887	2287	84
2714	1545	836	520
2721	1645	1118	2794
115	1314	1529	565
2607	2561	550	2609
1419	1645	1823	2015
157	1823	2372	2717
2795	288	857	91
2067	2725	2856	1943
821	2330	2580	1777
1597	2723	305	1831
1831	2581	3	1546
545	2329	816	2854
1488	2304	197	2233
20	2573	123	1300
2734	2064	1946	776
1523	2732	2363	2430
2741	1522	2731	2809
1125	2852	212	1389
2730	1389	2864	2577
1468	821	1051	1490
179	1946	777	2428
2615	2444	2361	2612
2440	301	481	2430
573	2444	316	802
609	1157	602	189
2732	483	606	2440
2544	2521	1151	1209
430	1209	255	2549
1783	1560	2548	1681
692	2752	1770	2119
2238	2749	2514	603
1964	1574	1815	1962
2519	2751	2517	2238
2746	2238	1634	1162
2642	2885	47	1162
2748	2519	1957	1961
152	2745	1318	644
840	2754	2326	1625
2753	840	2323	1369
2251	2758	38	570
648	1602	1767	1964
2760	175	2214	452
2755	2251	1556	2213
172	218	1892	570
319	1426	1209	2757
2213	175	1390	1426
41	2508	1565	2767
1565	925	905	2503
1376	2766	2553	194
2016	1376	1043	2767
2768	2764	925	488
2765	1816	1382	2762
2766	2501	1333	2503
360	925	1383	1565
2489	2632	2628	1469
2772	2860	686	2632
686	1469	2646	2771
681	1558	680	2775
403	2625	367	282
403	2055	682	2773
910	680	511	2055
1424	880	1399	965
2057	1895	352	2601
2227	2345	2348	132
2204	2382	2376	424
2376	1749	2375	2782
2784	2204	1824	2781
75	424	2376	912
1749	1826	1824	2782
1269	2788	2786	1818
2275	2785	2272	1922
1777	134	1778	2148
2013	2789	2785	1816
65	2788	1382	1761
2140	2793	1596	2791
2062	2442	2431	2790
2512	2331	928	2140
2790	2140	599	2062
1645	1263	2717	2400
2722	2400	2040	967
1266	967	2041	1263
2801	1331	1151	2544
2799	1992	801	2800
1395	2107	1784	2798
1331	801	841	2798
2797	1783	2544	1560
1054	2191	2803	2080
1054	2802	2078	2438
1940	371	238	1048
745	234	1691	2680
439	829	2187	983
2808	974	832	234
832	2680	1434	2807
2363	2812	2732	1522
1797	2824	486	2325
1522	2815	2108	2814
2809	2363	606	378
121	378	2263	1074
2811	607	503	2363
2811	1522	609	58
1411	1332	400	2818
1822	1411	2818	185
2817	738	737	2816
417	2258	1019	738
1411	1821	400	2256
2826	219	2828	2831
2824	1745	1206	1972
2825	1798	1568	1745
2810	1797	1800	2822
735	208	1568	2823
1385	2853	2821	2429
2853	2504	2828	2507
2827	1837	2829	2821
2854	2830	2828	1837
2829	2145	1618	434
1618	219	2832	2821
2831	2201	2847	2833
2832	469	2840	2834
2833	977	2857	1385
123	597	2838	808
1468	2330	2577	1941
2305	2288	2284	783
2857	2863	2835	807
2863	2851	123	1873
304	2144	2833	85
2843	2858	2850	1939
2495	1638	453	2234
2498	705	2841	1939
2200	2845	2847	2202
2844	1893	2849	589
2271	1864	2185	347
2844	990	2848	2832
2847	435	2849	304
2848	2038	2845	2850
2849	2038	952	2841
806	406	147	2839
1125	2577	2853	2733
2826	2852	2827	212
2829	2727	543	1889
523	1891	1829	2699
1831	2570	2067	2723
2144	2838	2834	807
304	471	1338	2841
952	2498	949	94
2328	544	2771	2327
1488	2232	835	1547
136	471	2147	2144
2839	2137	2146	2838
275	2577	2734	2504
544	2493	586	2329
1126	1250	1045	2328
1126	1250	2148	2050
22	2496	1254	1832
812	1967	115	937
190	200	610	2378
424	239	2382	2381
1001	2876	56	341
2605	1979	2874	2876
2875	513	1001	2873
341	2605	1053	2874
2872	1001	1482	2873
2881	2879	67	539
1193	2646	540	2880
540	2648	2877	2357
849	2882	2645	2878
2877	540	2353	67
2880	849	848	67
2884	2323	1369	2885
2224	2887	1570	2883
2750	2642	796	2883
1634	656	492	1076
2884	2224	2223	656
2891	2892	1570	2207
1285	1571	929	2207
2892	791	1575	1554
1567	791	1475	2888
2888	2890	1935	1496
