1 2892
1 2.805224e+00
2 5.341256e+01
3 1.024398e+01
4 5.781686e+00
5 5.894329e+01
6 3.596806e+00
7 5.552376e+00
8 1.919355e+03
9 3.842613e-01
10 1.484947e+00
11 6.545331e+00
12 3.559992e+01
13 1.139139e+02
14 1.218397e+00
15 2.178543e+02
16 4.639174e+01
17 3.841766e+01
18 9.262197e-01
19 3.346381e+02
20 6.156804e+01
21 7.756043e-02
22 2.666096e+01
23 5.096969e+01
24 2.014840e+01
25 8.029029e+01
26 2.434768e+01
27 1.065576e+00
28 7.391760e-01
29 3.396113e+01
30 1.439187e+02
31 2.575056e+00
32 2.137131e+00
33 3.007888e+03
34 3.384071e+01
35 4.760213e+01
36 1.259906e-01
37 3.976308e+00
38 6.872285e+00
39 3.713670e-01
40 8.741565e+00
41 4.460431e+01
42 1.609928e+00
43 3.448914e+00
44 7.220982e+00
45 4.465054e+01
46 1.412014e+01
47 3.981296e+01
48 2.740818e+01
49 7.354563e-01
50 9.572250e+01
51 1.528328e+01
52 1.484493e+00
53 6.051537e+00
54 1.037204e+00
55 6.378836e+02
56 8.904014e+01
57 4.467730e+00
58 1.603857e+00
59 6.511674e+01
60 2.957721e+00
61 2.283386e+02
62 5.708854e+01
63 2.579876e+00
64 6.912287e+01
65 3.385680e+01
66 7.244994e+01
67 1.077878e+01
68 7.460222e+01
69 1.284575e+00
70 1.533413e+01
71 8.239360e-01
72 3.481571e+01
73 3.695871e+00
74 1.476216e+00
75 1.075177e+00
76 1.643696e+03
77 9.243927e+01
78 4.710270e+00
79 1.104607e+01
80 1.426477e+00
81 1.963753e+03
82 4.746401e+01
83 3.843654e+01
84 3.799431e+01
85 1.531038e-02
86 6.467904e+01
87 4.266854e+01
88 3.772579e+01
89 5.263211e+00
90 3.049374e+01
91 1.968450e+00
92 8.953233e+00
93 3.713612e-01
94 3.944544e+01
95 1.808365e+01
96 2.314879e+01
97 1.159605e+00
98 4.961760e+01
99 5.261909e+00
100 2.364925e+01
101 8.911709e-01
102 1.423716e+00
103 4.102593e+01
104 4.123314e+01
105 3.801661e+01
106 1.523589e+01
107 6.775440e+01
108 2.947412e+01
109 1.379120e-02
110 5.227826e+01
111 2.927160e+01
112 1.929579e+00
113 1.189962e+00
114 5.891520e-01
115 1.704625e+00
116 5.661425e+01
117 2.735782e+02
118 8.677518e+00
119 4.229229e+01
120 9.431921e+01
121 1.163912e+00
122 1.532350e+00
123 5.109930e+01
124 3.826281e+00
125 2.289412e+00
126 1.410252e+02
127 7.323382e+01
128 7.114832e-01
129 1.339608e+00
130 5.640881e+00
131 3.107381e+01
132 2.952147e+01
133 4.571093e+01
134 5.381034e+01
135 1.273049e+01
136 3.711328e+01
137 1.283120e+01
138 3.114255e+00
139 1.169595e+01
140 6.015133e-01
141 6.137936e+01
142 1.277754e+01
143 6.364493e+01
144 5.102869e-01
145 3.615763e+00
146 5.474232e+00
147 6.958630e-01
148 6.397612e+00
149 1.423627e+03
150 1.450655e+00
151 2.110013e+00
152 4.992687e+00
153 3.827350e+01
154 4.806678e+01
155 4.200145e+01
156 8.719776e-01
157 7.231501e+01
158 3.225155e+00
159 7.127836e-02
160 1.626521e-01
161 6.029916e+00
162 1.891346e+02
163 1.058957e+00
164 6.814825e+00
165 3.190219e-02
166 4.785526e+02
167 4.735169e+01
168 3.108398e+00
169 1.097723e+02
170 9.556061e+01
171 9.664839e+00
172 3.967824e+01
173 3.827746e+01
174 1.139485e+01
175 3.230982e+00
176 1.540906e+00
177 4.684380e+00
178 9.247142e+02
179 6.623087e+00
180 1.540860e+01
181 2.128843e+02
182 5.449527e+02
183 3.596696e+00
184 6.207696e+01
185 6.365242e+00
186 3.845979e-01
187 4.060953e+01
188 2.470856e+01
189 3.506380e+01
190 7.601718e+01
191 1.256996e+03
192 2.326547e+00
193 1.609508e+00
194 4.719931e+00
195 6.443437e+02
196 3.141718e+00
197 2.659290e-02
198 4.585663e+00
199 9.908297e-01
200 5.624408e+00
201 8.745206e+01
202 2.009211e+00
203 1.333030e+00
204 2.807634e+00
205 6.809737e+00
206 1.406382e+01
207 2.500426e+01
208 1.650089e+00
209 1.080573e+00
210 1.071067e+00
211 9.643301e+00
212 1.904864e+00
213 1.124646e+01
214 2.402184e+00
215 3.362628e+00
216 5.966651e+01
217 1.787707e+01
218 5.436083e+01
219 4.675045e-02
220 7.897890e-02
221 3.024741e+01
222 1.220665e+00
223 1.517770e+00
224 7.154932e+00
225 5.702276e+00
226 2.883601e+00
227 3.795402e+01
228 2.548026e+01
229 8.177978e+01
230 1.619810e+01
231 2.651191e+02
232 8.736992e+01
233 4.277551e+01
234 5.397797e+01
235 9.574337e+01
236 8.193669e+02
237 6.030637e+00
238 2.512188e+01
239 1.337488e+00
240 5.337514e-02
241 1.295087e+02
242 1.593694e+00
243 1.221219e+00
244 2.759045e+00
245 5.723579e+00
246 2.824651e+00
247 4.136409e+01
248 3.154983e+00
249 1.152065e+00
250 4.191676e+00
251 4.291283e+01
252 2.526636e+01
253 8.149467e-01
254 9.692213e+01
255 7.377645e+01
256 1.421886e+02
257 3.568948e-03
258 4.380603e+01
259 1.998101e+00
260 7.897163e+00
261 2.229196e+02
262 5.064220e+01
263 1.007697e+02
264 2.339433e-01
265 3.887781e+00
266 1.543489e-02
267 6.618892e+02
268 6.238924e+00
269 1.440708e+00
270 9.115615e-01
271 4.831491e+00
272 6.042072e-01
273 5.791314e+01
274 2.253156e+00
275 5.720507e+01
276 1.400850e+03
277 6.087306e-03
278 2.928953e+01
279 1.526161e+00
280 5.667617e+01
281 3.350143e+01
282 3.533042e+00
283 8.997579e+01
284 3.188414e+00
285 1.104556e+01
286 1.006647e+00
287 1.924142e+00
288 1.972908e+00
289 6.517966e+01
290 5.481569e+00
291 1.699509e+01
292 7.220209e+02
293 5.089161e-01
294 4.459877e+00
295 1.246449e+00
296 8.234209e-01
297 4.800808e+01
298 6.058930e+01
299 2.181229e+01
300 1.044753e+00
301 1.888526e-02
302 2.735021e+00
303 7.645198e-01
304 5.971591e+01
305 1.466400e+01
306 7.729244e-01
307 1.954868e-01
308 7.697456e+00
309 4.418980e+01
310 2.470616e+02
311 3.045197e-01
312 1.124186e+01
313 1.448536e+00
314 1.327316e+02
315 1.388060e+01
316 4.069750e-02
317 1.084657e+02
318 3.485017e+03
319 6.225476e+01
320 9.651826e+01
321 9.702827e-01
322 3.441982e+00
323 4.740741e+01
324 2.387545e+02
325 2.954291e+01
326 2.803417e+01
327 7.937688e-01
328 5.425534e+01
329 7.235358e+01
330 2.302478e+00
331 1.155503e+00
332 7.688261e+01
333 3.725237e+00
334 3.673646e+00
335 1.145823e+00
336 6.818641e+00
337 7.086582e-01
338 2.241925e+01
339 3.170737e+00
340 3.430931e-01
341 3.704188e+01
342 1.284744e+01
343 8.699185e-01
344 4.661256e+01
345 1.290359e+02
346 4.542230e+01
347 4.386274e+00
348 5.738364e-01
349 9.970498e+00
350 1.889803e+00
351 1.144526e+00
352 1.766879e+00
353 1.140822e+00
354 3.379163e+00
355 1.788454e+01
356 3.033083e+03
357 1.754792e+01
358 2.730841e+01
359 3.671269e+01
360 1.315110e+00
361 4.981383e+00
362 3.012114e+03
363 4.882745e+01
364 3.857382e+00
365 2.206029e+00
366 8.176307e+00
367 1.169305e+00
368 2.521504e+01
369 4.250141e+01
370 8.031983e+01
371 1.744499e+00
372 3.239794e+02
373 8.884318e-01
374 4.696206e+01
375 3.217827e+00
376 2.563214e+01
377 1.747173e+00
378 7.299120e+01
379 1.679119e-01
380 4.399759e+01
381 3.891029e+01
382 8.015120e-01
383 3.224510e-02
384 3.108996e+02
385 5.648231e+01
386 3.500707e+01
387 5.001119e+00
388 4.183758e+01
389 1.336637e+00
390 4.786819e+01
391 1.177719e+00
392 3.407207e+02
393 6.595671e+00
394 1.919886e-01
395 3.603068e+01
396 1.936809e-01
397 3.507727e+01
398 1.745101e+02
399 1.030209e+00
400 6.532435e+01
401 7.482244e-01
402 8.817633e-03
403 5.923087e-01
404 7.742202e-01
405 1.150900e+00
406 4.617321e+01
407 3.598748e+01
408 2.533381e+00
409 3.229021e-01
410 2.610005e+00
411 1.740199e+00
412 5.673540e-01
413 2.742698e+01
414 1.361232e+00
415 1.972675e+00
416 7.990307e+01
417 2.985743e+00
418 3.713550e+01
419 2.037744e+02
420 7.587630e-02
421 3.103793e+00
422 2.712113e+01
423 2.867679e+01
424 6.681636e-01
425 6.279701e+01
426 1.729926e+02
427 7.528995e+00
428 2.717314e+01
429 3.777302e-02
430 1.683746e+00
431 1.284354e+00
432 2.752874e+01
433 2.157867e-01
434 1.604642e+00
435 1.571985e+00
436 3.068722e+01
437 8.880523e+01
438 3.151122e+01
439 1.532723e+00
440 3.763151e+01
441 1.210679e+01
442 2.432245e+00
443 9.455662e-01
444 2.195759e-01
445 6.239037e+00
446 3.250716e+00
447 6.893772e+01
448 4.766850e+00
449 1.477565e-01
450 4.033333e+00
451 3.305104e+01
452 1.004986e+02
453 3.194864e+01
454 1.379939e+01
455 5.974250e-01
456 1.488927e+00
457 2.576169e+01
458 8.051151e+00
459 6.779462e+01
460 7.733013e-01
461 4.791882e+01
462 5.161847e+00
463 7.563552e+01
464 5.273299e+00
465 6.117242e-01
466 2.574713e+01
467 1.351642e+00
468 8.299209e+00
469 1.740238e+00
470 1.634921e+00
471 4.376315e+01
472 1.363151e+02
473 5.793214e+00
474 4.035801e+01
475 2.679371e+00
476 8.497906e-01
477 3.494236e+00
478 5.560741e+00
479 3.568308e+01
480 2.276345e+01
481 6.378161e-03
482 1.321588e+00
483 1.486201e-01
484 4.026226e+01
485 3.509115e+00
486 3.079133e+00
487 4.120655e+01
488 3.243679e+00
489 6.392643e+01
490 1.795526e+00
491 1.394348e-01
492 3.637320e+01
493 5.010249e+00
494 3.865340e+01
495 2.414809e+01
496 9.040892e+01
497 6.666387e+01
498 2.682791e+01
499 5.911026e+00
500 3.000579e+00
501 2.456901e+01
502 4.016556e+01
503 1.295392e+02
504 3.187193e+00
505 4.967134e+01
506 1.087116e+00
507 1.493961e-01
508 1.940393e+00
509 3.037193e-01
510 5.145248e+01
511 8.640269e+01
512 1.547586e+00
513 6.367834e-01
514 5.832600e+01
515 1.899994e+00
516 5.669066e+01
517 3.043493e+03
518 4.628478e+01
519 4.778127e-01
520 5.169864e+01
521 2.156026e+01
522 5.364378e+00
523 5.643111e+02
524 4.553742e+01
525 1.637631e+01
526 1.109375e+01
527 2.545345e+00
528 1.574410e+01
529 6.855557e-01
530 2.343978e+00
531 1.580034e+00
532 4.221387e+01
533 1.748920e+00
534 1.414040e+00
535 9.138094e+01
536 3.146381e+01
537 3.491500e+01
538 8.796629e-01
539 6.348414e-02
540 1.915292e+01
541 1.125489e+00
542 3.903176e+01
543 2.291870e+00
544 4.821853e+01
545 5.761368e+01
546 5.639822e+00
547 2.328861e+00
548 2.824296e+00
549 1.469328e+00
550 9.602303e+00
551 2.747643e+00
552 1.096574e+01
553 2.118046e+00
554 3.627909e+00
555 5.880508e+01
556 5.543137e+01
557 4.385439e+01
558 5.654288e+02
559 4.313834e+01
560 1.301176e+00
561 3.004128e+03
562 3.528105e-01
563 8.060502e+01
564 3.905944e-01
565 4.344192e+01
566 5.004411e-03
567 4.541609e+01
568 2.710469e+00
569 2.718708e-01
570 1.467403e+00
571 1.110140e-01
572 6.610832e+01
573 3.417904e-02
574 1.467033e+00
575 3.742641e-03
576 2.440085e+00
577 6.493537e+01
578 3.725384e+01
579 4.207557e+01
580 4.354722e-01
581 2.527398e+01
582 3.253593e+01
583 6.221999e+01
584 5.672112e+00
585 2.970640e+01
586 2.149152e-01
587 3.033525e+00
588 1.057165e+01
589 1.388503e+00
590 4.411704e+01
591 3.580591e-01
592 1.122202e+00
593 4.502634e+01
594 1.774527e+00
595 1.175714e+00
596 3.913574e+01
597 7.237598e+01
598 3.438990e+01
599 3.756978e-01
600 4.205580e+01
601 1.854762e+01
602 6.709738e-01
603 2.041868e+00
604 1.747480e-01
605 4.844569e+01
606 1.910338e+01
607 2.169311e+02
608 1.335437e+01
609 2.799347e+00
610 4.684404e+01
611 8.334200e-02
612 2.401323e+00
613 2.589423e+00
614 3.517738e+01
615 5.261763e+01
616 6.114745e+01
617 5.550218e+01
618 9.927440e+01
619 3.421815e+00
620 9.395772e+00
621 6.438866e+01
622 4.813509e+01
623 7.072685e+01
624 5.612283e+01
625 8.408610e+01
626 2.270096e+01
627 5.891833e+01
628 2.331465e+01
629 2.166484e+00
630 6.532975e+01
631 8.210612e+01
632 6.602284e+01
633 4.597373e+01
634 4.423165e+00
635 4.320930e+01
636 9.775871e-01
637 3.013318e+00
638 3.855534e+01
639 6.457192e+01
640 2.039333e+00
641 7.176364e+01
642 5.230613e+01
643 7.548339e+01
644 3.829358e+00
645 3.324123e-01
646 3.533148e+00
647 1.328291e+01
648 4.096069e+01
649 4.099161e+01
650 1.106040e+01
651 5.745073e+01
652 7.855243e+00
653 8.938988e+00
654 8.188064e+01
655 4.186852e+01
656 5.502341e+02
657 1.433443e+00
658 1.489676e+02
659 4.757367e+00
660 3.221646e-02
661 3.149313e+01
662 6.827101e+01
663 4.462271e-01
664 5.018318e+01
665 4.154827e+01
666 6.442873e-01
667 1.064954e+00
668 3.515506e+01
669 9.670679e+00
670 5.937538e+01
671 3.036471e+01
672 6.563353e+01
673 6.910618e+01
674 9.533877e+02
675 1.996093e+00
676 1.085332e+00
677 1.153955e+01
678 4.458566e+01
679 3.530255e+01
680 5.241641e+01
681 3.790373e-01
682 4.141144e+01
683 5.100521e+01
684 2.461924e+02
685 1.086874e+00
686 8.775481e-01
687 9.857867e-01
688 4.479341e+01
689 3.263478e+01
690 3.504793e+01
691 1.038347e+02
692 2.333889e+00
693 9.574809e+00
694 4.658404e+01
695 3.745237e+01
696 3.042030e+01
697 8.788173e-01
698 6.659236e+01
699 8.307613e+00
700 2.180276e+01
701 5.447933e+02
702 4.633857e+01
703 6.369444e+01
704 4.532803e+00
705 4.939117e+01
706 1.956160e+00
707 2.391457e+02
708 9.275972e+01
709 9.048618e+01
710 2.019235e+00
711 7.102672e+00
712 2.111252e+00
713 1.344362e+00
714 5.553485e+01
715 7.074659e+02
716 3.069562e+01
717 4.415909e+01
718 1.759818e+00
719 5.270893e+02
720 1.036731e+00
721 3.440679e+01
722 2.849195e-01
723 1.243951e+02
724 2.096541e+00
725 1.865458e+01
726 1.450576e-02
727 1.283751e+00
728 9.075403e+01
729 7.532023e-03
730 1.413625e-02
731 1.793726e+01
732 1.577086e+00
733 4.762426e+02
734 5.132581e+01
735 4.319533e+00
736 1.434034e+02
737 6.861605e+01
738 9.703655e+01
739 1.348858e+00
740 4.263377e+00
741 1.422265e+01
742 5.918885e+01
743 7.140553e-01
744 8.086304e+00
745 6.059654e-01
746 5.103606e-01
747 6.261180e+02
748 1.153263e+01
749 2.256631e+00
750 2.544235e+00
751 5.267799e+01
752 4.556712e+01
753 9.168305e+00
754 7.229181e-01
755 1.445313e+01
756 4.205568e+00
757 8.047796e-01
758 4.159700e-02
759 6.208996e+01
760 1.462149e+00
761 6.995058e+01
762 7.944745e+00
763 2.921543e+00
764 1.600289e+00
765 5.089522e+01
766 1.256535e+00
767 1.695161e-01
768 4.732445e+00
769 1.113847e+00
770 4.055703e+00
771 3.824990e+02
772 5.544110e+02
773 3.744663e+01
774 1.065244e+00
775 3.165780e+01
776 1.773355e+00
777 5.871979e-01
778 2.475873e+01
779 6.677736e+00
780 9.674874e+00
781 3.618136e-01
782 2.065020e+00
783 5.027039e+01
784 1.577065e+01
785 4.034430e-01
786 4.359780e+01
787 2.744341e+02
788 1.680753e+00
789 3.195443e+00
790 1.562618e+02
791 3.776010e-01
792 1.166659e+01
793 5.588706e+01
794 1.531551e+01
795 3.234792e-01
796 4.808643e+01
797 3.404010e+01
798 7.917736e-01
799 2.505964e+01
800 7.112966e+01
801 1.424252e+00
802 3.339019e-03
803 4.072883e+00
804 2.454028e+01
805 3.147430e+02
806 3.140156e+01
807 1.932265e-01
808 4.313067e-01
809 3.768901e+00
810 6.824254e+01
811 1.416372e+03
812 1.278296e+01
813 9.119700e+01
814 3.376065e+01
815 5.296756e+01
816 3.008261e+00
817 5.860804e+01
818 1.068331e+00
819 1.219944e+01
820 3.963831e+00
821 5.401877e+02
822 6.432856e+01
823 2.147989e+02
824 3.960719e+00
825 7.271455e-01
826 1.072684e+00
827 4.728484e+01
828 2.843569e-01
829 6.080730e+00
830 7.878554e-01
831 4.436758e+01
832 5.942520e-01
833 1.587434e+00
834 2.616538e+01
835 1.573344e+01
836 1.437136e+00
837 1.506545e+00
838 1.481280e+02
839 5.611751e+00
840 1.121628e+00
841 4.131911e+01
842 1.281271e+01
843 4.405182e+01
844 1.180956e+00
845 1.663487e+03
846 4.027830e+01
847 4.824242e-01
848 1.055212e+01
849 1.113960e-02
850 5.321960e-02
851 3.356113e+01
852 1.352647e+00
853 1.619980e+01
854 9.821451e-01
855 4.585411e+02
856 1.358548e-03
857 8.105300e-02
858 1.680075e+01
859 1.506584e+03
860 1.212489e+00
861 1.745614e+01
862 6.053514e+00
863 1.553642e+00
864 6.539089e+01
865 5.655879e+01
866 1.191704e+00
867 7.660207e-01
868 8.203523e+00
869 6.991499e-01
870 1.553414e+00
871 5.079762e+00
872 7.679012e+00
873 6.719110e+01
874 4.516858e+01
875 1.728341e+02
876 9.456885e-01
877 1.455055e+03
878 1.725705e+00
879 1.491491e+00
880 6.598696e+00
881 8.250285e-01
882 3.336525e+01
883 6.530318e-01
884 1.636624e+00
885 3.402125e+01
886 6.560961e+00
887 2.717793e+00
888 3.478365e-01
889 1.575144e+01
890 5.882007e-01
891 5.363141e+02
892 5.797336e+02
893 4.052663e+01
894 3.770264e+01
895 1.191559e-02
896 2.406765e-04
897 5.966616e+01
898 1.013069e-01
899 1.330876e+00
900 7.280176e-02
901 1.400398e+00
902 1.246165e+00
903 3.229779e+02
904 6.190269e+01
905 4.032106e+01
906 6.954077e+01
907 2.014354e+01
908 1.198792e+01
909 1.136169e+01
910 1.058917e+00
911 5.003613e+01
912 1.433547e+00
913 2.252225e+00
914 4.359548e+01
915 2.620145e+00
916 2.052211e+00
917 4.465849e+01
918 3.667961e+01
919 5.253387e+01
920 1.465410e+03
921 5.098821e-01
922 5.584527e+01
923 8.374815e+01
924 7.767136e-01
925 5.436487e-01
926 4.622949e+01
927 3.004128e+03
928 2.627522e+00
929 8.968384e+01
930 2.942874e-02
931 1.017291e+01
932 3.653319e+01
933 1.753258e+00
934 5.408986e-01
935 3.692880e-01
936 2.506264e+00
937 6.016265e+00
938 1.660138e+01
939 1.156642e+00
940 3.554839e+01
941 4.577431e+02
942 1.686923e+00
943 1.017848e+00
944 1.168552e+01
945 1.992605e+00
946 1.867270e+00
947 3.007888e+03
948 9.735687e-01
949 7.545065e-01
950 6.360393e-02
951 1.436001e+00
952 5.939823e+01
953 7.490821e+00
954 7.817623e+01
955 1.986865e+00
956 8.774743e+01
957 1.968976e+00
958 5.273660e-01
959 4.680775e+02
960 3.003664e+00
961 3.376257e+01
962 1.140283e+00
963 2.237206e+00
964 5.178373e+01
965 1.234159e-01
966 5.022426e+02
967 2.549114e+01
968 2.854789e+00
969 2.299039e+00
970 1.234881e+01
971 1.021050e+01
972 1.386484e+00
973 9.648065e-01
974 5.068490e+01
975 5.588140e+01
976 6.532304e-01
977 1.621219e+00
978 5.765361e+00
979 1.666374e+01
980 3.772942e+01
981 3.195293e-01
982 1.632559e+02
983 1.463353e+01
984 3.383572e+00
985 4.983277e+01
986 6.458536e+02
987 4.677633e+00
988 3.687718e+02
989 2.911939e+01
990 1.996420e+00
991 1.959151e+00
992 2.192893e+00
993 3.987833e+01
994 2.703115e+03
995 1.887027e+02
996 4.020722e+01
997 1.294372e+00
998 8.150382e-01
999 5.965106e+01
1000 7.887447e+01
1001 5.246757e-01
1002 5.886221e+01
1003 1.159442e+00
1004 1.155941e-01
1005 2.042182e+01
1006 7.302712e+00
1007 6.950394e+01
1008 8.233102e+01
1009 5.576509e+01
1010 5.114013e+02
1011 6.520605e+01
1012 5.257014e+01
1013 3.734990e+01
1014 4.328331e+01
1015 2.974896e+00
1016 2.209424e+00
1017 7.826282e+01
1018 3.323593e+01
1019 7.598526e+01
1020 5.954500e+01
1021 1.347665e+00
1022 6.232831e+00
1023 5.423834e+01
1024 4.320975e+01
1025 8.460956e+02
1026 7.315447e+01
1027 4.218116e+01
1028 7.082787e+01
1029 8.166861e-01
1030 8.126347e+01
1031 3.486696e+00
1032 9.489118e+01
1033 8.689743e-01
1034 5.855037e+01
1035 1.572869e+00
1036 1.910245e+00
1037 3.034270e+00
1038 3.525148e+01
1039 1.951712e+01
1040 3.393439e+02
1041 3.731648e+01
1042 4.135497e+01
1043 3.831422e-01
1044 2.546477e+00
1045 1.363423e+01
1046 1.152426e+00
1047 3.709852e+01
1048 2.288835e-01
1049 1.627298e+00
1050 1.331589e+00
1051 3.801369e+01
1052 4.381274e+00
1053 3.845245e+00
1054 1.072210e-01
1055 3.090273e+02
1056 2.093857e+01
1057 2.182111e+00
1058 3.547382e-01
1059 1.069989e+01
1060 1.766367e+00
1061 7.206056e+01
1062 2.213094e+01
1063 2.169017e-01
1064 1.549684e+00
1065 4.714767e+02
1066 1.086044e+00
1067 3.755325e+01
1068 4.569303e+01
1069 4.254932e+01
1070 3.232646e+02
1071 3.250450e+02
1072 5.630351e+01
1073 3.755309e+00
1074 4.143106e+02
1075 1.130357e-02
1076 2.836347e+00
1077 4.390696e-01
1078 1.417572e-01
1079 1.712374e+00
1080 3.668214e+00
1081 4.078925e+01
1082 4.709771e+01
1083 1.199870e-01
1084 2.981082e+00
1085 1.829190e-01
1086 6.200050e+01
1087 2.927559e-01
1088 2.017832e+02
1089 4.810796e+02
1090 3.106067e+01
1091 3.014797e+01
1092 2.425964e+00
1093 9.171633e+00
1094 3.828072e+01
1095 1.527720e-01
1096 6.910015e+01
1097 3.820682e+01
1098 2.939912e+02
1099 2.001297e+00
1100 2.146895e+00
1101 2.641412e+01
1102 6.141760e-02
1103 6.036463e+01
1104 8.226274e+01
1105 2.649381e+01
1106 1.123576e+01
1107 4.700959e+01
1108 4.871929e+00
1109 1.812024e+00
1110 1.638757e+00
1111 1.719156e+00
1112 1.575429e+00
1113 9.296171e+00
1114 3.229243e+00
1115 3.641912e+01
1116 5.620370e+01
1117 1.048160e+00
1118 3.939077e+01
1119 3.785160e+00
1120 5.475808e+01
1121 9.871280e+00
1122 6.646911e+01
1123 2.086184e+00
1124 5.648744e+01
1125 8.140223e+01
1126 3.012114e+03
1127 6.059097e-03
1128 3.298611e+00
1129 7.382411e+01
1130 1.023155e+00
1131 2.072385e+00
1132 1.477867e+00
1133 1.621945e+00
1134 4.514732e+01
1135 5.467268e+01
1136 1.083701e+01
1137 3.726534e+01
1138 3.511617e+00
1139 2.828871e-01
1140 2.812414e+01
1141 5.299321e+00
1142 1.222211e-01
1143 1.287753e+00
1144 3.870828e+01
1145 1.649023e+00
1146 4.737446e+01
1147 6.953167e-01
1148 2.902045e+00
1149 1.524871e+02
1150 3.448226e+01
1151 7.725385e+02
1152 3.758146e+00
1153 6.886553e+01
1154 7.009564e+01
1155 9.788404e+01
1156 5.262049e+01
1157 4.350157e+00
1158 2.663186e-01
1159 1.960760e+01
1160 2.734321e-01
1161 4.779704e+01
1162 5.991154e+01
1163 7.536843e+01
1164 2.560259e+00
1165 8.236875e+01
1166 1.548444e+00
1167 1.166664e+00
1168 1.294872e+00
1169 9.677013e-01
1170 3.890050e+01
1171 7.791475e+02
1172 2.758225e+02
1173 3.766710e+00
1174 1.958098e+02
1175 1.829342e+00
1176 1.031411e+00
1177 9.380812e-01
1178 2.092384e+00
1179 6.599543e+01
1180 7.712201e+01
1181 2.214905e-01
1182 7.428846e-01
1183 1.506097e-01
1184 1.258988e+01
1185 7.384559e+01
1186 4.430667e+01
1187 1.234156e+00
1188 3.946133e+01
1189 6.089540e+01
1190 3.390386e+01
1191 1.032162e+00
1192 8.264984e-01
1193 3.815119e-01
1194 7.183717e-01
1195 5.563043e+01
1196 8.001594e+00
1197 2.072825e+03
1198 2.631780e+01
1199 1.694447e+01
1200 2.957386e+02
1201 1.025025e+00
1202 3.023159e+01
1203 1.523821e+00
1204 2.047548e+01
1205 3.436047e+01
1206 7.414013e+01
1207 6.163543e+01
1208 6.841642e+01
1209 4.544384e+01
1210 5.175444e-01
1211 1.839881e+00
1212 5.824195e+00
1213 1.520742e+00
1214 3.081527e+01
1215 5.566126e+01
1216 3.632087e+01
1217 1.382621e-01
1218 3.396961e+03
1219 7.283307e+01
1220 1.081502e+00
1221 7.647934e+01
1222 1.626892e+01
1223 6.624786e+01
1224 1.539859e+00
1225 2.413625e+00
1226 4.342187e+00
1227 6.445957e+01
1228 1.200797e+01
1229 5.728196e+00
1230 5.820226e+00
1231 5.138990e+01
1232 4.514742e+01
1233 9.444096e-02
1234 5.578634e+02
1235 3.607661e+02
1236 9.655475e+00
1237 1.629072e+02
1238 5.541329e+01
1239 9.013966e-01
1240 1.428089e+02
1241 3.627513e-01
1242 4.030822e+00
1243 2.443166e+00
1244 3.870490e+01
1245 6.652836e+01
1246 5.013091e+01
1247 1.768835e+01
1248 6.563567e+00
1249 7.581250e-01
1250 2.151796e+01
1251 5.326972e+00
1252 9.121693e-01
1253 3.577042e+01
1254 2.060996e+01
1255 3.431140e+01
1256 1.791555e+00
1257 5.668584e+02
1258 7.191267e+02
1259 4.862598e+01
1260 7.292571e+02
1261 9.087760e+01
1262 6.685883e+01
1263 4.772346e+01
1264 5.187704e+01
1265 3.537774e+01
1266 2.217577e+00
1267 4.605361e+00
1268 2.340303e+00
1269 4.628587e+01
1270 6.310368e+01
1271 4.358745e-02
1272 5.601746e+00
1273 4.679328e+01
1274 3.314908e+01
1275 3.084887e+00
1276 1.065107e+00
1277 4.786372e+01
1278 2.177271e-01
1279 4.503908e-01
1280 7.402502e+01
1281 4.815708e+01
1282 4.236471e+01
1283 1.533646e+00
1284 5.258181e+01
1285 4.481144e+00
1286 2.149277e+00
1287 1.102025e+00
1288 6.451513e+01
1289 7.227368e-01
1290 2.435696e+00
1291 6.254472e-02
1292 7.807466e-01
1293 1.660440e+00
1294 2.029003e+02
1295 1.545782e-01
1296 7.438174e-01
1297 2.739268e-03
1298 4.885469e-01
1299 3.958040e+00
1300 2.196277e+00
1301 1.743107e+00
1302 1.291288e+01
1303 4.858911e+02
1304 8.432182e+00
1305 3.915121e+00
1306 5.155305e+01
1307 3.934065e+00
1308 8.281776e-01
1309 7.235437e+00
1310 1.117915e+00
1311 3.060601e+01
1312 1.665551e+00
1313 1.102423e+00
1314 3.318229e+01
1315 6.896158e+01
1316 3.861029e+01
1317 1.478942e+00
1318 1.545404e-01
1319 7.926414e-01
1320 5.557123e-01
1321 3.343880e-02
1322 9.934485e+01
1323 6.809957e+01
1324 7.006878e-01
1325 6.181554e+01
1326 1.064601e+00
1327 2.868935e+01
1328 2.205877e+00
1329 5.700036e+00
1330 4.440407e+01
1331 7.350190e+01
1332 6.780330e+01
1333 6.395764e+01
1334 2.953814e+03
1335 1.635542e+00
1336 4.313434e+00
1337 5.712367e+01
1338 6.665957e-01
1339 5.948451e-01
1340 5.734027e+00
1341 2.172214e+01
1342 2.595096e+00
1343 6.575785e+01
1344 1.010102e+00
1345 8.485344e-01
1346 6.904227e+00
1347 4.931141e+02
1348 9.757392e+00
1349 8.234797e+01
1350 6.772907e+01
1351 9.493581e-01
1352 6.100436e+01
1353 1.827464e+01
1354 1.763138e+00
1355 5.905119e+01
1356 4.164562e+01
1357 5.225429e+01
1358 3.071530e+02
1359 4.692344e+00
1360 3.752706e+01
1361 2.985064e+01
1362 2.360965e+00
1363 1.750117e+01
1364 1.098990e+02
1365 6.770098e-01
1366 1.438605e+03
1367 1.342784e+01
1368 3.838733e+01
1369 2.331502e+00
1370 2.115357e+00
1371 4.974629e-01
1372 8.508434e+00
1373 4.461200e+01
1374 4.774030e+01
1375 6.749756e+00
1376 6.764056e+00
1377 1.929033e+00
1378 4.549648e+01
1379 1.035026e+00
1380 1.571562e+00
1381 4.213204e+01
1382 1.233996e+00
1383 5.744525e+01
1384 2.262377e+00
1385 9.879452e+01
1386 3.709205e+00
1387 1.587387e+01
1388 2.269677e+01
1389 3.693808e+00
1390 1.040925e+00
1391 6.294952e-01
1392 1.822749e+01
1393 5.094193e+02
1394 5.214848e+00
1395 2.318867e+00
1396 1.414375e+00
1397 2.451277e+00
1398 3.057790e+03
1399 5.772352e+01
1400 5.919976e+02
1401 3.097201e+02
1402 4.871438e+00
1403 1.186713e+00
1404 5.987105e+01
1405 1.660263e+00
1406 9.038968e+00
1407 3.726645e-01
1408 1.999897e+01
1409 1.608627e+00
1410 3.148206e+01
1411 1.326386e+00
1412 5.688034e+01
1413 1.560145e+00
1414 2.004496e+00
1415 4.092067e+01
1416 1.267867e-01
1417 6.632420e+01
1418 4.070743e+01
1419 9.742897e+00
1420 9.536120e-01
1421 3.079592e+00
1422 3.615903e+01
1423 4.300695e+01
1424 7.649958e-01
1425 4.990744e+01
1426 6.276758e-01
1427 6.847481e+01
1428 2.875480e+01
1429 1.241129e+00
1430 2.799156e+00
1431 1.168759e+00
1432 6.086394e-01
1433 2.842417e+01
1434 5.589781e+02
1435 5.138028e+01
1436 5.077089e+01
1437 1.620631e+01
1438 2.871184e+01
1439 5.395983e+00
1440 3.246035e+02
1441 4.764973e+01
1442 6.584031e+00
1443 1.788917e+00
1444 5.633679e+00
1445 5.585384e+01
1446 1.211621e+02
1447 6.158873e+01
1448 6.521785e-01
1449 4.296163e+01
1450 4.532592e+01
1451 9.342188e-02
1452 6.213962e+01
1453 1.739757e+00
1454 1.767643e+01
1455 2.260002e+00
1456 2.156080e+00
1457 9.381047e+01
1458 1.986635e+02
1459 1.639689e+00
1460 2.143071e+00
1461 4.412243e+01
1462 4.080160e+01
1463 4.717933e+02
1464 5.952910e-01
1465 2.722883e+01
1466 4.182171e+01
1467 4.362959e+00
1468 4.604592e+01
1469 3.651378e+01
1470 2.276196e+00
1471 5.083966e+01
1472 9.061331e-01
1473 8.020781e-02
1474 1.154027e+01
1475 1.671899e+00
1476 3.901415e+01
1477 5.022230e+01
1478 2.731746e+01
1479 5.908545e+02
1480 8.638348e+01
1481 3.406393e+01
1482 5.491753e+01
1483 7.215001e-01
1484 2.445680e+00
1485 5.707028e-01
1486 3.046667e+00
1487 2.294402e+01
1488 2.357587e+01
1489 4.792385e+01
1490 7.630587e+02
1491 4.937973e+00
1492 5.247463e-01
1493 3.614624e+01
1494 2.350821e-02
1495 1.698549e+00
1496 6.232883e+00
1497 3.794878e+01
1498 7.993652e-02
1499 1.473450e+00
1500 4.925051e+01
1501 3.988310e+01
1502 2.109009e+01
1503 7.116218e-01
1504 6.537890e+01
1505 6.018938e+01
1506 4.589314e+01
1507 1.327009e+01
1508 9.396947e-01
1509 1.347344e+01
1510 3.241805e-01
1511 6.732555e+01
1512 3.026663e+01
1513 6.688011e-01
1514 5.556629e+01
1515 1.873785e-01
1516 6.602826e+01
1517 6.067785e+01
1518 4.295036e+01
1519 1.255315e+00
1520 4.394333e+01
1521 2.171218e+00
1522 2.057639e-01
1523 8.934491e+00
1524 5.386330e+02
1525 6.374122e+00
1526 7.934080e+00
1527 1.846837e-01
1528 8.509142e+00
1529 7.486375e+01
1530 7.042304e+00
1531 4.091450e-01
1532 1.251062e+00
1533 1.198825e+01
1534 6.028230e+01
1535 4.057596e+01
1536 5.500310e-01
1537 3.391153e-01
1538 2.641895e+00
1539 4.598775e-01
1540 3.308659e+00
1541 1.231877e+00
1542 6.069393e+01
1543 5.828208e+02
1544 3.415594e+02
1545 1.437162e-02
1546 2.083478e+01
1547 7.457686e-02
1548 1.225533e+00
1549 4.511142e+01
1550 7.667543e+01
1551 1.457897e+00
1552 4.500582e+01
1553 1.065968e+00
1554 1.838341e-04
1555 7.614264e-01
1556 5.802118e+00
1557 3.278289e+01
1558 5.986157e+01
1559 2.481621e+01
1560 2.012592e+00
1561 5.173891e+01
1562 8.653106e+01
1563 6.436068e+01
1564 9.622229e+00
1565 5.382355e+01
1566 4.754394e+01
1567 1.239058e+01
1568 6.361999e+01
1569 3.508144e+00
1570 5.086386e+01
1571 3.769990e+00
1572 2.890969e+00
1573 6.533957e+01
1574 1.550495e+01
1575 2.304922e-01
1576 4.990929e+00
1577 7.106421e+01
1578 2.574463e+00
1579 2.597087e+00
1580 4.636442e+01
1581 1.242829e+00
1582 9.682112e+01
1583 4.824692e+00
1584 1.612601e+01
1585 3.568556e+00
1586 6.396072e+01
1587 7.536875e+01
1588 1.107042e+00
1589 1.227127e-01
1590 4.332153e+01
1591 2.892387e+01
1592 8.868859e-01
1593 3.229640e+00
1594 3.318176e+00
1595 1.206197e+00
1596 1.619995e+02
1597 3.131707e+00
1598 6.026994e-02
1599 2.720332e+02
1600 2.088399e+02
1601 8.118760e+01
1602 5.958730e+00
1603 2.973752e-01
1604 8.028562e+01
1605 4.533613e+01
1606 3.457117e+01
1607 5.347441e+01
1608 2.910188e+00
1609 2.070384e+00
1610 3.218864e+01
1611 1.856149e+02
1612 9.955096e-01
1613 4.522494e+02
1614 7.853078e-01
1615 3.555943e+01
1616 5.307495e-01
1617 4.431619e+01
1618 6.166485e+01
1619 4.630371e+01
1620 3.559264e+01
1621 1.484508e+01
1622 2.452591e+01
1623 1.312231e+01
1624 3.741041e+01
1625 1.038918e+00
1626 3.276129e+01
1627 3.112572e+01
1628 8.763244e+00
1629 1.705620e-01
1630 5.151388e-01
1631 3.528724e+00
1632 9.768611e+00
1633 2.667291e+02
1634 2.953278e+02
1635 1.816900e+00
1636 4.021034e+01
1637 1.653664e+01
1638 1.847192e+00
1639 9.447482e+00
1640 1.756454e+00
1641 8.398709e+01
1642 4.002961e+01
1643 2.639248e+00
1644 1.381000e+00
1645 6.817558e-01
1646 3.426500e+01
1647 1.269150e-01
1648 7.519982e-03
1649 5.779502e+02
1650 2.829888e-03
1651 1.986687e-02
1652 7.298520e+00
1653 7.606114e+01
1654 1.227660e+00
1655 5.746986e+01
1656 3.695502e+00
1657 8.153028e+02
1658 5.381878e+01
1659 6.916940e+00
1660 1.590841e-01
1661 1.933643e+00
1662 7.372610e+00
1663 3.094540e-02
1664 6.151482e+01
1665 1.135377e+00
1666 2.322241e+00
1667 5.383829e+00
1668 4.667599e+01
1669 1.473381e+01
1670 1.306689e+00
1671 3.544018e+01
1672 4.066377e+01
1673 8.841379e+00
1674 5.694648e+00
1675 7.208536e+01
1676 7.234506e+01
1677 5.334343e+01
1678 5.200428e-01
1679 6.263632e+01
1680 5.543009e+01
1681 2.540225e+00
1682 2.317998e+00
1683 3.280701e-02
1684 5.272808e+02
1685 1.001921e+02
1686 5.227621e+01
1687 4.384441e+01
1688 1.436893e+03
1689 2.628675e+00
1690 5.846916e+01
1691 4.322321e+01
1692 5.191252e+01
1693 6.188354e+01
1694 5.491086e+01
1695 5.093492e+01
1696 5.803941e+01
1697 9.700483e+00
1698 3.105477e+02
1699 1.408274e+00
1700 1.965041e+00
1701 3.845479e-01
1702 4.021421e+00
1703 3.643153e+02
1704 1.154219e+00
1705 1.564654e+01
1706 2.830760e+01
1707 2.564217e+01
1708 6.082712e+02
1709 7.289720e+02
1710 2.468625e+01
1711 4.954908e-01
1712 3.441010e+01
1713 2.503434e+02
1714 4.190296e+01
1715 2.909015e+01
1716 3.313485e+00
1717 3.803445e+01
1718 4.702418e+01
1719 2.600656e+01
1720 5.546630e-01
1721 5.678122e-01
1722 2.660907e+00
1723 1.453567e+01
1724 3.526183e+01
1725 3.128237e+01
1726 5.136941e+01
1727 6.803363e+01
1728 5.852434e+01
1729 1.090785e+00
1730 6.746629e+01
1731 4.042752e+01
1732 9.878901e-01
1733 5.468442e+01
1734 1.512889e+01
1735 5.638039e+00
1736 3.249267e+00
1737 5.626778e+00
1738 2.390258e+01
1739 4.502589e-01
1740 4.500280e+02
1741 6.874210e+00
1742 2.084651e-02
1743 1.075018e+01
1744 1.844061e+00
1745 4.037898e+01
1746 2.370330e+00
1747 1.107361e+01
1748 1.214160e+02
1749 2.572315e+00
1750 4.877741e+01
1751 2.612509e+02
1752 2.705953e+00
1753 8.162154e+01
1754 1.064133e+00
1755 5.327152e+01
1756 7.714002e+01
1757 5.571090e+01
1758 4.882004e+01
1759 1.992950e+00
1760 4.985313e+01
1761 3.609148e+01
1762 3.247334e+00
1763 7.962655e+01
1764 6.280323e+02
1765 7.044449e+01
1766 6.736571e+01
1767 1.238793e+01
1768 5.079108e+00
1769 2.269218e+01
1770 6.974414e+00
1771 2.574448e-01
1772 3.869268e+00
1773 2.903690e+01
1774 1.344747e+01
1775 3.514615e+00
1776 1.296045e+00
1777 5.888780e+02
1778 4.955632e+01
1779 4.057884e+01
1780 5.067791e+01
1781 4.194077e+01
1782 4.242002e+01
1783 2.370449e+00
1784 5.921153e+01
1785 1.300972e+00
1786 5.459179e+00
1787 7.206182e+00
1788 5.543395e+01
1789 2.633280e+02
1790 1.760058e+00
1791 1.757827e+00
1792 6.778730e+00
1793 2.178513e+00
1794 1.942976e+00
1795 2.679976e+01
1796 1.631036e+00
1797 1.410662e-01
1798 4.272461e+01
1799 3.845589e+00
1800 1.963129e+00
1801 5.075659e+01
1802 4.177564e+01
1803 4.093156e+00
1804 1.097861e+02
1805 3.692584e+00
1806 4.195977e+01
1807 3.015795e+01
1808 6.178069e+01
1809 4.385652e+01
1810 1.619099e+00
1811 5.353022e-01
1812 1.475368e+01
1813 3.084558e+01
1814 1.581088e+01
1815 2.016094e+02
1816 3.680554e+00
1817 1.439081e+00
1818 1.809276e+00
1819 3.461872e+00
1820 3.775489e+01
1821 1.417084e+00
1822 5.009447e+00
1823 8.532802e-01
1824 6.317785e+01
1825 4.248103e+00
1826 1.159784e+00
1827 5.799550e+00
1828 5.828079e+01
1829 7.445363e+01
1830 4.164543e+00
1831 4.485067e+01
1832 2.671396e+01
1833 4.801753e+00
1834 4.827824e+01
1835 2.371514e+00
1836 5.826404e+00
1837 9.065068e-01
1838 5.135147e+00
1839 3.905632e+01
1840 6.422326e+01
1841 4.459708e+01
1842 1.332104e+00
1843 5.868740e+01
1844 4.958393e+01
1845 1.122204e+00
1846 1.399288e+00
1847 7.814044e+01
1848 1.014494e+00
1849 6.601816e+01
1850 8.501193e+01
1851 2.153186e-01
1852 3.993985e+00
1853 4.278594e-01
1854 3.253604e+00
1855 3.913870e+01
1856 5.594344e+01
1857 2.477033e-01
1858 5.473450e-01
1859 4.179136e+02
1860 8.094276e-01
1861 4.046821e+02
1862 9.180537e+01
1863 4.572407e+01
1864 8.956230e+00
1865 8.094069e-01
1866 2.219338e-02
1867 2.776555e+00
1868 4.245512e+01
1869 7.429964e-01
1870 5.129509e+01
1871 3.123106e+02
1872 2.258940e+00
1873 8.913103e-01
1874 1.646756e+00
1875 7.029892e+00
1876 5.303493e+01
1877 5.976820e-01
1878 8.849000e-01
1879 4.044183e-01
1880 2.312698e+02
1881 4.302050e+01
1882 4.204058e+01
1883 6.456298e+01
1884 4.249214e+01
1885 1.649732e-01
1886 5.126272e+01
1887 9.373477e+00
1888 1.401530e+01
1889 7.168909e+01
1890 8.786281e+01
1891 7.931262e+01
1892 9.222514e-01
1893 8.968471e+01
1894 2.120798e+01
1895 1.218795e+00
1896 4.223653e+01
1897 5.656758e+01
1898 4.482757e+00
1899 6.670386e+01
1900 4.619773e+01
1901 4.036098e+01
1902 1.097108e+00
1903 2.253079e+00
1904 4.152895e-01
1905 2.664796e-01
1906 3.966642e-01
1907 6.072206e+01
1908 2.735177e+02
1909 4.346704e+01
1910 6.617059e+01
1911 5.789599e+01
1912 6.996708e+00
1913 1.388257e+00
1914 1.210379e+01
1915 1.423441e+02
1916 3.973669e+01
1917 1.431457e+00
1918 1.823776e-01
1919 1.570155e+01
1920 4.206813e+01
1921 5.137885e-02
1922 5.461352e-01
1923 4.852990e+00
1924 7.965946e+00
1925 8.396060e-01
1926 2.902001e+00
1927 8.767685e+01
1928 1.816722e+01
1929 9.624510e-01
1930 3.415721e+02
1931 1.911491e+01
1932 7.258297e+01
1933 4.133833e+01
1934 4.646002e-01
1935 2.484831e+01
1936 1.846570e+01
1937 1.198803e+00
1938 2.616762e+02
1939 5.750836e-01
1940 1.207128e+00
1941 5.828518e-03
1942 5.379570e+01
1943 2.566520e+00
1944 3.196697e-01
1945 4.301643e+00
1946 1.244905e+00
1947 3.882695e+01
1948 4.709693e+01
1949 4.209242e+01
1950 6.109212e+01
1951 1.858058e+00
1952 5.194997e+01
1953 6.477583e+01
1954 5.482471e+01
1955 6.088484e+01
1956 6.115437e+00
1957 4.453449e+01
1958 4.311088e+00
1959 8.345077e-01
1960 1.761251e-01
1961 6.005980e+01
1962 1.040887e+00
1963 4.626167e+00
1964 5.869686e+00
1965 1.539920e+00
1966 4.637656e+01
1967 3.215906e+01
1968 3.298181e+01
1969 4.778403e+01
1970 4.104522e+01
1971 4.752815e+01
1972 3.629219e+01
1973 1.041116e+00
1974 5.675028e+01
1975 7.117112e+01
1976 7.738473e+01
1977 5.793524e+01
1978 1.267358e+00
1979 2.925026e+01
1980 4.677408e+01
1981 8.390976e+00
1982 1.890854e+00
1983 1.319222e+00
1984 4.569380e+01
1985 6.129993e+01
1986 8.281122e+01
1987 2.428158e+00
1988 6.086747e+01
1989 8.886472e+01
1990 3.383513e+01
1991 1.501509e+01
1992 6.771175e+01
1993 3.647531e+01
1994 1.456941e-02
1995 1.081776e-01
1996 2.752157e+00
1997 8.968474e-01
1998 4.463712e+01
1999 3.082117e-01
2000 2.235900e+00
2001 1.597744e-01
2002 3.667336e-01
2003 1.708235e+00
2004 4.426128e+00
2005 3.687916e+01
2006 1.591900e+02
2007 1.195405e+00
2008 2.906941e+00
2009 2.395761e+00
2010 1.610608e+00
2011 4.428380e+01
2012 1.747382e+02
2013 5.773439e+01
2014 3.298329e+00
2015 6.608217e-01
2016 1.743805e+00
2017 2.301281e+00
2018 1.625081e+00
2019 6.877882e-01
2020 5.385304e+01
2021 3.888229e-01
2022 1.552328e+00
2023 8.747621e+01
2024 4.092665e+02
2025 1.334097e+00
2026 4.306617e+00
2027 5.106204e+00
2028 1.688494e+01
2029 3.402202e+01
2030 3.009152e+01
2031 4.295472e+01
2032 7.829161e-01
2033 5.448949e+01
2034 4.152153e+01
2035 4.859655e+00
2036 1.100396e+00
2037 3.186701e+01
2038 6.825732e-02
2039 1.293645e+00
2040 4.448065e+02
2041 3.240854e+02
2042 4.755829e+01
2043 9.536736e-02
2044 4.344361e+00
2045 2.711183e+01
2046 7.885868e+01
2047 1.253803e+01
2048 1.635566e+01
2049 6.929271e+00
2050 2.330061e+01
2051 3.762467e+00
2052 4.541215e+01
2053 4.468026e+02
2054 6.581746e+01
2055 3.803047e+01
2056 7.461418e+01
2057 2.343241e+00
2058 9.694376e-01
2059 1.063602e-02
2060 2.253469e-03
2061 3.667419e+00
2062 4.301647e-02
2063 2.048684e+02
2064 2.734389e+01
2065 8.095436e-01
2066 9.347263e-01
2067 5.824856e+01
2068 1.320376e+00
2069 1.401642e+00
2070 4.089675e+01
2071 3.212875e+00
2072 3.595726e+01
2073 1.552467e+00
2074 3.077462e+01
2075 7.553348e+01
2076 6.583676e+01
2077 4.452365e-01
2078 9.700439e-01
2079 4.862852e+01
2080 2.312740e+00
2081 3.220446e+00
2082 8.611056e+01
2083 3.550297e+01
2084 3.043493e+03
2085 1.161956e+01
2086 2.289507e+01
2087 3.680253e+00
2088 1.377826e+00
2089 5.360357e+01
2090 2.551345e+01
2091 1.082769e+01
2092 5.130850e-01
2093 6.194720e+01
2094 2.551906e+02
2095 1.208370e-01
2096 4.458670e+01
2097 4.385159e+00
2098 9.069719e+01
2099 2.074977e+00
2100 9.188811e-01
2101 9.099250e+01
2102 1.414960e+01
2103 1.478173e-01
2104 1.133231e+00
2105 1.349686e+00
2106 1.045706e+01
2107 6.593449e+01
2108 1.170708e-01
2109 7.089989e+01
2110 8.325953e+01
2111 7.085100e-01
2112 3.828307e+00
2113 2.736252e+01
2114 1.784925e+00
2115 6.045604e+00
2116 7.569434e+00
2117 7.334928e-01
2118 2.115096e+00
2119 1.638893e+00
2120 4.767253e+01
2121 5.748962e+01
2122 1.556514e+02
2123 2.946596e+01
2124 1.215176e+02
2125 6.178821e+00
2126 1.425137e-01
2127 1.665221e+00
2128 6.496657e+01
2129 2.430123e+01
2130 1.190173e+00
2131 2.049544e+01
2132 1.077132e+00
2133 1.326323e+02
2134 3.106048e+02
2135 1.287094e+02
2136 1.789565e+00
2137 4.278982e+01
2138 2.832952e+01
2139 2.752766e+01
2140 6.198055e+00
2141 1.205799e+00
2142 5.060558e+01
2143 2.433648e+01
2144 4.710409e+01
2145 7.863888e+01
2146 7.485925e-01
2147 8.793337e-01
2148 4.481848e+02
2149 3.720416e-01
2150 1.761390e+01
2151 3.049926e+01
2152 7.754757e-01
2153 1.478690e+01
2154 5.803041e+02
2155 4.550111e+01
2156 4.459718e+01
2157 4.758508e+01
2158 1.138540e+00
2159 5.390663e+01
2160 2.875657e+01
2161 6.216060e+01
2162 7.563608e+01
2163 5.333301e+01
2164 4.790044e-02
2165 3.243848e-01
2166 1.527253e+00
2167 1.996060e+00
2168 1.560276e+01
2169 5.406655e+01
2170 5.104662e+02
2171 3.940926e-01
2172 7.369880e+01
2173 3.306017e+01
2174 4.303925e+01
2175 3.246504e+01
2176 3.033083e+03
2177 1.798727e+01
2178 7.950061e-01
2179 8.676372e-01
2180 3.436649e+01
2181 4.119712e+01
2182 1.258269e+00
2183 7.580937e-01
2184 1.561097e+02
2185 1.827400e+01
2186 1.974475e+03
2187 6.194427e+00
2188 3.947671e+01
2189 5.700939e+02
2190 2.739224e+01
2191 3.532995e+00
2192 3.890771e+01
2193 5.529361e-02
2194 7.879708e-01
2195 2.119731e+01
2196 1.774283e+01
2197 2.414547e+02
2198 5.035779e-01
2199 1.417784e+00
2200 7.132888e+01
2201 7.233439e-01
2202 5.264107e-01
2203 1.834906e+01
2204 5.079400e+01
2205 4.551176e-01
2206 4.924103e-01
2207 3.514037e+02
2208 2.043798e+00
2209 3.444478e+00
2210 5.669281e+01
2211 4.125083e+01
2212 3.368594e+02
2213 5.402971e-01
2214 8.534625e+01
2215 4.782960e-05
2216 1.741172e+00
2217 2.997149e-02
2218 1.337650e+00
2219 6.054886e+01
2220 1.073464e+02
2221 3.637388e-01
2222 9.257227e+01
2223 2.543758e+02
2224 9.447850e-01
2225 3.990573e+00
2226 1.310016e+00
2227 8.890358e-01
2228 5.572425e-01
2229 7.028986e+02
2230 1.773823e+00
2231 9.528675e-01
2232 2.689286e+02
2233 2.960910e+01
2234 2.735941e+01
2235 9.055583e-01
2236 2.155713e+01
2237 3.406532e+00
2238 2.487593e+02
2239 6.642191e+01
2240 4.881213e+01
2241 6.951237e+01
2242 6.588544e+01
2243 3.733500e+00
2244 1.312178e+00
2245 7.109756e+01
2246 3.094296e+00
2247 2.638167e+02
2248 2.230020e+00
2249 1.727359e+00
2250 7.836137e+00
2251 8.967489e-01
2252 5.571573e+01
2253 8.847739e+01
2254 8.322788e+01
2255 1.257163e+00
2256 4.871157e+01
2257 5.882109e+01
2258 8.611321e+01
2259 9.653638e-01
2260 4.749774e+01
2261 3.727906e-01
2262 1.004926e+01
2263 4.598358e+01
2264 1.753372e+00
2265 2.835678e+01
2266 3.061717e+01
2267 5.950116e+00
2268 4.144740e+01
2269 1.780453e+01
2270 6.313533e+01
2271 7.548619e+01
2272 1.084565e-01
2273 3.544840e+02
2274 6.445804e-01
2275 3.363958e-01
2276 3.806572e+01
2277 5.281499e+00
2278 3.284844e+01
2279 4.703221e+01
2280 6.249257e-01
2281 1.730129e+00
2282 6.703161e+01
2283 5.374425e+01
2284 6.256312e-01
2285 3.526965e+01
2286 2.773124e+01
2287 3.554046e+01
2288 4.146433e+01
2289 7.562445e-01
2290 1.770964e+02
2291 5.750174e+00
2292 1.694345e+01
2293 4.301651e-02
2294 9.342915e-02
2295 3.315586e-01
2296 2.526370e+00
2297 5.056056e+01
2298 7.919043e-02
2299 3.719562e+00
2300 7.293170e-01
2301 1.204842e+00
2302 1.193962e+01
2303 8.156932e-01
2304 3.204984e+01
2305 6.811963e+02
2306 2.120777e+00
2307 2.226726e+00
2308 1.887522e+01
2309 2.919250e+00
2310 7.755983e+00
2311 2.446544e+01
2312 2.368720e+02
2313 1.871901e+01
2314 3.635340e+01
2315 4.449029e+01
2316 6.207048e-01
2317 2.914839e+01
2318 5.526236e+01
2319 3.400630e+01
2320 2.963395e+01
2321 5.897572e+00
2322 7.622539e+01
2323 4.653230e+01
2324 3.883233e+01
2325 2.645517e+00
2326 5.634998e-02
2327 6.556784e+02
2328 3.712945e+02
2329 4.917061e+01
2330 4.657508e+01
2331 3.039497e-02
2332 2.842887e-02
2333 2.040946e+00
2334 9.606648e+00
2335 2.184533e-03
2336 5.862270e+01
2337 5.629985e+01
2338 3.345828e-01
2339 3.976590e+01
2340 1.641185e+01
2341 1.214482e+00
2342 5.211824e+01
2343 7.483753e-01
2344 3.566169e+01
2345 3.329917e+01
2346 8.358975e+01
2347 3.572627e+02
2348 4.682971e+01
2349 1.017623e+01
2350 6.617662e-01
2351 2.057227e+01
2352 1.624603e-01
2353 1.126981e+01
2354 2.242197e+01
2355 6.494085e+00
2356 2.748907e+00
2357 4.966410e-01
2358 4.083019e+01
2359 8.331669e+01
2360 5.138336e+01
2361 5.214863e-03
2362 1.716030e+01
2363 1.621995e+01
2364 3.685658e+01
2365 6.316078e+01
2366 4.935937e+01
2367 4.847841e+01
2368 3.848343e+01
2369 6.499853e+01
2370 4.668975e+00
2371 4.765937e+02
2372 5.741153e+01
2373 6.714553e+01
2374 1.939272e+02
2375 6.216494e+01
2376 6.427744e+01
2377 6.933268e+01
2378 9.671455e+01
2379 5.694910e+01
2380 5.251349e+01
2381 6.791225e+01
2382 6.860127e+01
2383 5.976463e+01
2384 4.455903e+02
2385 1.111109e+01
2386 6.410804e+01
2387 5.002438e+01
2388 4.682152e+01
2389 6.965051e+00
2390 3.389778e+01
2391 4.739120e+01
2392 3.988920e+01
2393 1.109989e+02
2394 1.010011e+00
2395 5.574254e+01
2396 3.857423e+01
2397 2.949467e+01
2398 1.199370e+02
2399 9.527050e+00
2400 5.712055e+01
2401 3.932858e+01
2402 3.857324e+00
2403 5.082803e-01
2404 5.989073e+00
2405 9.162184e-01
2406 4.610667e+01
2407 1.026718e+00
2408 2.171811e+01
2409 1.058231e+01
2410 6.089193e+01
2411 3.865012e+01
2412 1.026020e+00
2413 5.780205e+00
2414 2.963625e+01
2415 9.111724e-01
2416 7.545861e-01
2417 1.623233e-01
2418 3.758408e-01
2419 8.108879e-01
2420 1.091507e+00
2421 3.682388e+01
2422 2.120678e+01
2423 5.003974e+01
2424 1.895493e+01
2425 4.725769e+01
2426 4.616573e+01
2427 4.686670e+02
2428 1.228282e+00
2429 9.055149e-01
2430 6.568492e+00
2431 5.728813e+00
2432 4.030192e+01
2433 3.359741e+01
2434 7.199451e+00
2435 6.260484e+00
2436 1.304577e+00
2437 4.909279e+01
2438 4.105632e+01
2439 5.895529e-01
2440 1.746159e-02
2441 1.044663e-01
2442 3.110911e+00
2443 1.629471e+00
2444 9.466639e-03
2445 2.029957e+00
2446 7.415233e-02
2447 4.374619e+01
2448 4.717193e+01
2449 8.193483e-01
2450 8.648964e-01
2451 5.557343e+01
2452 3.362810e+00
2453 2.617980e+00
2454 4.319071e+01
2455 5.196835e+00
2456 5.942434e+01
2457 5.600882e+01
2458 2.450877e+00
2459 1.080703e+01
2460 3.263131e+01
2461 2.832220e+01
2462 4.793507e-01
2463 3.940543e+00
2464 5.752761e+00
2465 6.129475e+01
2466 4.234236e+01
2467 5.339339e-01
2468 4.968045e+01
2469 8.459549e+00
2470 8.292236e+00
2471 5.903427e+01
2472 9.364371e-02
2473 2.444197e-01
2474 4.918672e+01
2475 5.281243e+02
2476 3.550708e+01
2477 1.693926e+01
2478 4.897095e+01
2479 1.345166e+01
2480 6.751979e+02
2481 7.897149e+01
2482 6.381068e-01
2483 1.164201e+00
2484 5.202295e+01
2485 4.545762e+01
2486 9.682311e-01
2487 9.413274e-01
2488 5.159336e-01
2489 1.396815e+00
2490 1.873415e+01
2491 5.482694e-01
2492 5.707290e+00
2493 2.958797e+01
2494 4.556621e+01
2495 3.118107e+00
2496 7.295260e-01
2497 4.970359e+01
2498 3.492977e+01
2499 7.122073e-01
2500 5.055532e+01
2501 9.364748e-01
2502 4.588031e+01
2503 5.318180e+01
2504 6.181270e+01
2505 1.347472e+02
2506 1.774988e+01
2507 1.960589e+00
2508 3.782844e+01
2509 1.721668e+00
2510 4.968673e+02
2511 3.240368e+01
2512 2.803092e+00
2513 4.934273e+01
2514 3.998185e+01
2515 7.058804e-01
2516 4.024602e+01
2517 6.830322e+02
2518 9.042063e-01
2519 9.933640e-01
2520 1.597190e+01
2521 7.046358e+02
2522 2.654999e-01
2523 7.389607e+01
2524 4.844063e+01
2525 2.515858e+00
2526 2.248979e+00
2527 2.204910e+01
2528 3.282384e-01
2529 1.720760e+00
2530 3.871729e+01
2531 1.801735e+00
2532 4.765036e+01
2533 9.271028e+01
2534 1.075126e-01
2535 1.580566e+01
2536 7.835657e-01
2537 1.234343e+01
2538 1.811438e+01
2539 7.402612e-02
2540 1.133668e+01
2541 6.777650e+01
2542 1.419223e+00
2543 5.038455e-01
2544 5.240346e+01
2545 4.742797e+01
2546 9.163206e-01
2547 3.078827e+01
2548 1.818408e+01
2549 4.322037e+01
2550 4.326444e+00
2551 5.353642e+01
2552 5.181957e+01
2553 3.218462e+01
2554 9.066689e+01
2555 6.525990e-02
2556 9.570010e+01
2557 2.393140e+00
2558 4.980417e+01
2559 6.562356e+01
2560 5.190439e+01
2561 1.394799e+01
2562 1.051351e+00
2563 7.201583e+01
2564 2.615683e+00
2565 1.147768e+00
2566 7.933819e+01
2567 7.196347e+01
2568 7.450385e-01
2569 7.927451e-01
2570 5.479448e+01
2571 4.683458e+01
2572 2.359652e+01
2573 6.804306e-01
2574 4.948872e+00
2575 1.172289e+01
2576 3.464338e+01
2577 5.735372e+01
2578 1.619363e+00
2579 6.287849e+01
2580 6.825117e+01
2581 3.428386e+01
2582 6.659480e+01
2583 1.358681e+01
2584 6.092919e+01
2585 1.309152e+01
2586 2.280970e+00
2587 3.392933e+00
2588 7.503340e+02
2589 1.141787e+03
2590 4.161357e+01
2591 4.771565e+01
2592 1.873995e+02
2593 2.566254e+00
2594 2.846907e+00
2595 2.008111e+00
2596 5.929034e+01
2597 4.747857e+01
2598 6.782723e+01
2599 4.533384e+01
2600 2.647801e+01
2601 1.160482e+01
2602 5.523136e+01
2603 3.820945e+00
2604 1.956588e+02
2605 3.109449e+01
2606 4.150035e+02
2607 1.408695e+01
2608 5.512923e+00
2609 2.677445e+00
2610 1.370280e-03
2611 4.258824e-03
2612 3.698763e+00
2613 2.118406e+00
2614 2.352312e+00
2615 3.753132e+00
2616 3.419197e+01
2617 9.138151e-01
2618 4.489971e+01
2619 2.982398e+01
2620 4.738411e+01
2621 3.982072e+02
2622 3.866552e-01
2623 2.222185e+00
2624 3.758220e+01
2625 4.572406e+00
2626 4.378528e+01
2627 3.670146e+01
2628 6.616678e+01
2629 1.057887e+00
2630 1.239181e+00
2631 4.425783e+01
2632 4.535391e+01
2633 3.570118e+00
2634 1.931183e+00
2635 3.491722e-03
2636 4.148864e+01
2637 2.487556e+00
2638 1.938491e-03
2639 3.988270e-02
2640 5.011122e+01
2641 4.338210e+01
2642 2.307586e-01
2643 1.893687e+01
2644 2.966931e-01
2645 1.447536e+01
2646 4.340980e+01
2647 8.320146e-02
2648 4.943926e-01
2649 4.710230e+00
2650 1.350508e+01
2651 6.821723e+02
2652 4.141501e+01
2653 4.331053e+01
2654 4.104540e+01
2655 4.994005e+01
2656 2.399078e+00
2657 3.584088e+00
2658 2.716332e+01
2659 1.105534e+01
2660 9.637811e+00
2661 3.193350e-01
2662 4.260916e+01
2663 4.159379e+01
2664 6.211233e+01
2665 4.354309e+01
2666 4.810673e+00
2667 1.744433e+00
2668 1.251827e+00
2669 1.802576e+00
2670 2.472851e-03
2671 2.109509e+00
2672 4.454373e-01
2673 4.325945e+01
2674 4.465834e+01
2675 7.655768e+01
2676 7.901812e-01
2677 4.747012e+01
2678 6.965814e+01
2679 3.775744e+01
2680 3.824286e+01
2681 1.435103e+00
2682 2.176219e+00
2683 8.772336e+00
2684 9.959198e-01
2685 4.347462e-01
2686 5.364006e+01
2687 8.649461e-01
2688 5.766180e+01
2689 3.302767e+01
2690 4.928274e+02
2691 5.707206e+01
2692 5.629751e+01
2693 6.487233e+01
2694 4.825830e+01
2695 2.991870e+00
2696 4.977118e+00
2697 4.232887e-01
2698 8.945763e-01
2699 7.809545e+02
2700 1.044639e+00
2701 2.925415e-01
2702 1.054045e+01
2703 3.218528e+01
2704 2.167207e-02
2705 5.479690e+01
2706 2.888092e+02
2707 2.655682e+02
2708 3.409804e+01
2709 3.057790e+03
2710 3.083412e+01
2711 8.375458e-01
2712 5.155566e+01
2713 4.365761e+01
2714 1.657397e+00
2715 3.577877e+01
2716 1.798168e+00
2717 5.084021e+01
2718 4.253319e+01
2719 1.694794e+01
2720 2.313301e+00
2721 7.536619e+01
2722 1.005372e+00
2723 1.121717e+00
2724 3.058241e+02
2725 1.447169e+00
2726 2.300454e+01
2727 6.280080e+01
2728 3.798363e+01
2729 4.040711e-01
2730 4.771654e+00
2731 9.629206e+00
2732 1.745943e-01
2733 5.253833e-01
2734 1.073390e+00
2735 5.639770e+02
2736 5.726387e-01
2737 6.306059e-03
2738 2.519422e-02
2739 1.681503e-02
2740 3.391610e+00
2741 1.579744e-01
2742 6.752296e+02
2743 4.989302e+01
2744 2.796266e+00
2745 9.260046e+00
2746 6.741264e+01
2747 3.257412e+01
2748 6.415214e+01
2749 5.965304e+02
2750 5.729047e+01
2751 7.409061e+01
2752 5.087831e+00
2753 2.229891e+00
2754 2.421465e+00
2755 1.766860e+00
2756 1.656868e+01
2757 8.538436e+01
2758 2.965534e+00
2759 3.338645e-01
2760 8.017819e+01
2761 1.905366e-01
2762 3.718453e+01
2763 4.327820e+01
2764 1.845500e+01
2765 6.625879e-01
2766 2.954011e+00
2767 1.302503e+00
2768 4.807096e-01
2769 1.353806e-01
2770 5.203503e+01
2771 2.628519e+01
2772 3.293202e+01
2773 3.327151e+01
2774 1.036997e+00
2775 3.684771e+01
2776 5.771408e+01
2777 1.187551e+00
2778 1.715187e+00
2779 2.636628e+01
2780 4.928036e+01
2781 7.377719e+01
2782 5.075640e+01
2783 1.988475e+00
2784 4.856301e-01
2785 2.698607e+00
2786 1.866713e+00
2787 5.374155e+02
2788 2.469034e+00
2789 1.031399e+00
2790 7.561570e+00
2791 5.175612e+00
2792 4.134759e+00
2793 5.102064e-02
2794 5.447495e+01
2795 3.288645e+01
2796 3.491707e+01
2797 5.082377e+01
2798 7.203643e+01
2799 5.919473e+01
2800 5.331114e+01
2801 1.566346e+00
2802 1.404343e+00
2803 1.033231e+00
2804 4.666081e-01
2805 4.751536e+01
2806 9.136579e+00
2807 3.911646e+01
2808 3.209817e+01
2809 1.100701e-02
2810 4.067574e-01
2811 2.274994e-01
2812 3.465632e+01
2813 6.597571e+01
2814 1.309377e+01
2815 5.215371e-01
2816 5.388121e+01
2817 3.579502e+00
2818 7.093820e+01
2819 1.014649e+02
2820 3.612528e-01
2821 5.116765e+01
2822 4.008883e+01
2823 4.026990e+01
2824 6.629569e-01
2825 5.913777e-01
2826 5.249483e+01
2827 8.193860e+01
2828 6.744518e+01
2829 8.498774e+01
2830 6.967628e+01
2831 9.260750e+01
2832 8.317979e+01
2833 7.260268e+01
2834 9.323619e+01
2835 5.561408e+01
2836 5.520318e+01
2837 4.036702e+01
2838 8.278384e+01
2839 4.020412e+01
2840 5.974439e+01
2841 5.690615e+01
2842 9.324184e-01
2843 4.857518e+01
2844 9.165175e+01
2845 7.913352e+01
2846 1.586120e+01
2847 5.571686e+01
2848 4.892323e+01
2849 5.138003e+01
2850 7.276284e+01
2851 4.167457e+01
2852 7.983941e+01
2853 5.930202e+01
2854 7.562942e+01
2855 7.892134e+02
2856 6.073092e+01
2857 8.164005e+01
2858 4.561705e+01
2859 5.815613e+01
2860 5.884466e+02
2861 1.660252e+01
2862 3.871312e+01
2863 5.162781e+01
2864 5.009413e+01
2865 5.224228e+01
2866 2.134328e+02
2867 3.662373e+02
2868 2.578379e+01
2869 6.554516e+00
2870 8.184674e+01
2871 1.186686e-02
2872 4.827362e+01
2873 2.825434e+01
2874 8.339540e-01
2875 6.906974e-01
2876 3.910965e+01
2877 3.516433e-02
2878 1.679856e+01
2879 2.260112e-01
2880 2.253125e+01
2881 1.093385e+01
2882 1.555732e+01
2883 6.361741e+01
2884 7.001621e+01
2885 5.139908e+01
2886 5.704379e+01
2887 4.439143e+01
2888 2.439058e+01
2889 1.425550e+02
2890 2.404521e-01
2891 2.844364e-01
2892 1.734935e+01
